Li-S-c-.5-v-1.08
   0         0.000000       -81.387300         0.000000 
   1         0.000000       -81.223800         0.163500 
   2         0.000000       -80.804600         0.582700 
   3         0.000000       -80.363100         1.024200 
   4         0.000000       -80.212300         1.175000 
   5         0.000000       -80.455700         0.931600 
   6         0.000000       -80.716400         0.670900 
Li-S-c-.5-v-1.10
   0         0.000000       -86.368800         0.000000 
   1         0.000000       -86.231200         0.137600 
   2         0.000000       -85.876800         0.492000 
   3         0.000000       -85.501500         0.867300 
   4         0.000000       -85.376600         0.992200 
   5         0.000000       -85.597800         0.771000 
   6         0.000000       -85.832000         0.536800 
Li-S-c-.5-v-1.12
   0         0.000000       -90.621600         0.000000 
   1         0.000000       -90.507800         0.113800 
   2         0.000000       -90.213800         0.407800 
   3         0.000000       -89.899000         0.722600 
   4         0.000000       -89.798600         0.823000 
   5         0.000000       -89.999000         0.622600 
   6         0.000000       -90.207800         0.413800 
Li-S-c-.5-v-1.14
   0         0.000000       -94.335900         0.000000 
   1         0.000000       -94.242900         0.093000 
   2         0.000000       -94.003500         0.332400 
   3         0.000000       -93.744000         0.591900 
   4         0.000000       -93.665800         0.670100 
   5         0.000000       -93.846800         0.489100 
   6         0.000000       -94.033400         0.302500 
Li-S-c-.5-v-1.16
   0         0.000000       -97.395500         0.000000 
   1         0.000000       -97.325300         0.070200 
   2         0.000000       -97.131400         0.264100 
   3         0.000000       -96.922300         0.473200 
   4         0.000000       -96.864200         0.531300 
   5         0.000000       -97.027000         0.368500 
   6         0.000000       -97.194400         0.201100 
Li-S-c-.5-v-1.18
   0         0.000000      -100.438000         0.000000 
   1         0.000000      -100.384400         0.053600 
   2         0.000000      -100.237900         0.200100 
   3         0.000000      -100.074800         0.363200 
   4         0.000000      -100.034900         0.403100 
   5         0.000000      -100.181800         0.256200 
   6         0.000000      -100.329500         0.108500 
Li-S-c-.5-v-1.20
   0         0.000000      -102.843600         0.000000 
   1         0.000000      -102.807100         0.036500 
   2         0.000000      -102.702200         0.141400 
   3         0.000000      -102.580900         0.262700 
   4         0.000000      -102.557600         0.286000 
   5         0.000000      -102.689600         0.154000 
   6         0.000000      -102.819700         0.023900 
Li-S-c-.5-v-1.22
   0         0.000000      -105.183800         0.000000 
   1         0.000000      -105.161800         0.022000 
   2         0.000000      -105.094900         0.088900 
   3         0.000000      -105.012400         0.171400 
   4         0.000000      -105.004300         0.179500 
   5         0.000000      -105.122600         0.061200 
   6         0.000000      -105.236500        -0.052700 
Li-S-c-.5-v-1.24
   0         0.000000      -107.150700         0.000000 
   1         0.000000      -107.142500         0.008200 
   2         0.000000      -107.110200         0.040500 
   3         0.000000      -107.063200         0.087500 
   4         0.000000      -107.069500         0.081200 
   5         0.000000      -107.175000        -0.024300 
   6         0.000000      -107.273100        -0.122400 
Li-S-c-.5-v-1.26
   0         0.000000      -108.921500         0.000000 
   1         0.000000      -108.926700        -0.005200 
   2         0.000000      -108.925500        -0.004000 
   3         0.000000      -108.910300         0.011200 
   4         0.000000      -108.930200        -0.008700 
   5         0.000000      -109.023400        -0.101900 
   6         0.000000      -109.105900        -0.184400 
Li-S-c-.5-v-1.28
   0         0.000000      -110.586600         0.000000 
   1         0.000000      -110.602400        -0.015800 
   2         0.000000      -110.629500        -0.042900 
   3         0.000000      -110.644700        -0.058100 
   4         0.000000      -110.675500        -0.088900 
   5         0.000000      -110.757900        -0.171300 
   6         0.000000      -110.829700        -0.243100 
Li-S-c-.5-v-1.30
   0         0.000000      -112.083900         0.000000 
   1         0.000000      -112.110200        -0.026300 
   2         0.000000      -112.163800        -0.079900 
   3         0.000000      -112.204300        -0.120400 
   4         0.000000      -112.245900        -0.162000 
   5         0.000000      -112.319300        -0.235400 
   6         0.000000      -112.377500        -0.293600 
Li-S-c-.5-v-1.32
   0         0.000000      -113.387300         0.000000 
   1         0.000000      -113.423600        -0.036300 
   2         0.000000      -113.499700        -0.112400 
   3         0.000000      -113.463200        -0.075900 
   4         0.000000      -113.616800        -0.229500 
   5         0.000000      -113.679900        -0.292600 
   6         0.000000      -113.726300        -0.339000 
Li-S-c-.5-v-1.34
   0         0.000000      -114.637700         0.000000 
   1         0.000000      -114.682300        -0.044600 
   2         0.000000      -114.779600        -0.141900 
   3         0.000000      -114.866300        -0.228600 
   4         0.000000      -114.927600        -0.289900 
   5         0.000000      -114.982200        -0.344500 
   6         0.000000      -115.018300        -0.380600 
Li-S-c-.6-v-1.08
   0         0.000000       -77.162300         0.000000 
   1         0.000000       -77.004000         0.158300 
   2         0.000000       -76.596700         0.565600 
   3         0.000000       -76.167800         0.994500 
   4         0.000000       -76.026600         1.135700 
   5         0.000000       -76.273500         0.888800 
   6         0.000000       -76.533900         0.628400 
Li-S-c-.6-v-1.10
   0         0.000000       -84.237800         0.000000 
   1         0.000000       -84.105500         0.132300 
   2         0.000000       -83.762600         0.475200 
   3         0.000000       -83.399600         0.838200 
   4         0.000000       -83.283900         0.953900 
   5         0.000000       -83.508400         0.729400 
   6         0.000000       -83.742800         0.495000 
Li-S-c-.6-v-1.12
   0         0.000000       -90.423100         0.000000 
   1         0.000000       -90.314100         0.109000 
   2         0.000000       -90.031400         0.391700 
   3         0.000000       -89.728900         0.694200 
   4         0.000000       -89.637200         0.785900 
   5         0.000000       -89.840600         0.582500 
   6         0.000000       -90.049900         0.373200 
Li-S-c-.6-v-1.14
   0         0.000000       -95.921100         0.000000 
   1         0.000000       -95.832800         0.088300 
   2         0.000000       -95.604400         0.316700 
   3         0.000000       -95.357100         0.564000 
   4         0.000000       -95.287100         0.634000 
   5         0.000000       -95.471200         0.449900 
   6         0.000000       -95.658400         0.262700 
Li-S-c-.6-v-1.16
   0         0.000000      -100.624000         0.000000 
   1         0.000000      -100.556300         0.067700 
   2         0.000000      -100.375500         0.248500 
   3         0.000000      -100.178000         0.446000 
   4         0.000000      -100.128200         0.495800 
   5         0.000000      -100.294000         0.330000 
   6         0.000000      -100.462200         0.161800 
Li-S-c-.6-v-1.18
   0         0.000000      -105.188400         0.000000 
   1         0.000000      -105.139400         0.049000 
   2         0.000000      -105.003700         0.184700 
   3         0.000000      -104.852200         0.336200 
   4         0.000000      -104.820000         0.368400 
   5         0.000000      -104.970100         0.218300 
   6         0.000000      -105.118500         0.069900 
Li-S-c-.6-v-1.20
   0         0.000000      -108.994700         0.000000 
   1         0.000000      -108.962400         0.032300 
   2         0.000000      -108.868000         0.126700 
   3         0.000000      -108.758300         0.236400 
   4         0.000000      -108.742700         0.252000 
   5         0.000000      -108.877500         0.117200 
   6         0.000000      -109.008500        -0.013800 
Li-S-c-.6-v-1.22
   0         0.000000      -112.630100         0.000000 
   1         0.000000      -112.612600         0.017500 
   2         0.000000      -112.555800         0.074300 
   3         0.000000      -112.484800         0.145300 
   4         0.000000      -112.484100         0.146000 
   5         0.000000      -112.605000         0.025100 
   6         0.000000      -112.719900        -0.089800 
Li-S-c-.6-v-1.24
   0         0.000000      -115.791700         0.000000 
   1         0.000000      -115.787500         0.004200 
   2         0.000000      -115.765400         0.026300 
   3         0.000000      -115.729400         0.062300 
   4         0.000000      -115.743100         0.048600 
   5         0.000000      -115.851200        -0.059500 
   6         0.000000      -115.950100        -0.158400 
Li-S-c-.6-v-1.26
   0         0.000000      -118.688300         0.000000 
   1         0.000000      -118.696200        -0.007900 
   2         0.000000      -118.705900        -0.017600 
   3         0.000000      -118.702200        -0.013900 
   4         0.000000      -118.728200        -0.039900 
   5         0.000000      -118.824200        -0.135900 
   6         0.000000      -118.909500        -0.221200 
Li-S-c-.6-v-1.28
   0         0.000000      -121.349400         0.000000 
   1         0.000000      -121.368500        -0.019100 
   2         0.000000      -121.407000        -0.057600 
   3         0.000000      -121.432100        -0.082700 
   4         0.000000      -121.470100        -0.120700 
   5         0.000000      -121.554900        -0.205500 
   6         0.000000      -121.627200        -0.277800 
Li-S-c-.6-v-1.30
   0         0.000000      -123.787600         0.000000 
   1         0.000000      -123.817800        -0.030200 
   2         0.000000      -123.881400        -0.093800 
   3         0.000000      -123.932400        -0.144800 
   4         0.000000      -123.981800        -0.194200 
   5         0.000000      -124.056700        -0.269100 
   6         0.000000      -124.115300        -0.327700 
Li-S-c-.6-v-1.32
   0         0.000000      -126.001000         0.000000 
   1         0.000000      -126.041800        -0.040800 
   2         0.000000      -126.127700        -0.126700 
   3         0.000000      -126.146500        -0.145500 
   4         0.000000      -126.263400        -0.262400 
   5         0.000000      -126.327900        -0.326900 
   6         0.000000      -126.375300        -0.374300 
Li-S-c-.6-v-1.34
   0         0.000000      -128.033000         0.000000 
   1         0.000000      -128.082000        -0.049000 
   2         0.000000      -128.189600        -0.156600 
   3         0.000000      -128.192500        -0.159500 
   4         0.000000      -128.355900        -0.322900 
   5         0.000000      -128.412000        -0.379000 
   6         0.000000      -128.448500        -0.415500 
Li-S-c-.7-v-1.08
   0         0.000000       -72.500300         0.000000 
   1         0.000000       -72.347800         0.152500 
   2         0.000000       -71.953200         0.547100 
   3         0.000000       -71.535500         0.964800 
   4         0.000000       -71.402700         1.097600 
   5         0.000000       -71.657500         0.842800 
   6         0.000000       -71.924400         0.575900 
Li-S-c-.7-v-1.10
   0         0.000000       -81.671800         0.000000 
   1         0.000000       -81.544800         0.127000 
   2         0.000000       -81.214000         0.457800 
   3         0.000000       -80.872200         0.799600 
   4         0.000000       -80.754900         0.916900 
   5         0.000000       -80.986400         0.685400 
   6         0.000000       -81.225900         0.445900 
Li-S-c-.7-v-1.12
   0         0.000000       -89.788400         0.000000 
   1         0.000000       -89.684500         0.103900 
   2         0.000000       -89.413400         0.375000 
   3         0.000000       -89.214700         0.573700 
   4         0.000000       -89.038700         0.749700 
   5         0.000000       -89.248400         0.540000 
   6         0.000000       -89.461800         0.326600 
Li-S-c-.7-v-1.14
   0         0.000000       -97.066500         0.000000 
   1         0.000000       -96.983400         0.083100 
   2         0.000000       -96.763700         0.302800 
   3         0.000000       -96.529900         0.536600 
   4         0.000000       -96.468200         0.598300 
   5         0.000000       -96.657700         0.408800 
   6         0.000000       -96.848200         0.218300 
Li-S-c-.7-v-1.16
   0         0.000000      -103.408500         0.000000 
   1         0.000000      -103.345500         0.063000 
   2         0.000000      -103.175700         0.232800 
   3         0.000000      -102.989500         0.419000 
   4         0.000000      -102.947800         0.460700 
   5         0.000000      -103.118400         0.290100 
   6         0.000000      -103.289200         0.119300 
Li-S-c-.7-v-1.18
   0         0.000000      -109.490500         0.000000 
   1         0.000000      -109.446100         0.044400 
   2         0.000000      -109.321100         0.169400 
   3         0.000000      -109.180900         0.309600 
   4         0.000000      -109.156700         0.333800 
   5         0.000000      -109.311000         0.179500 
   6         0.000000      -109.461500         0.029000 
Li-S-c-.7-v-1.20
   0         0.000000      -114.693300         0.000000 
   1         0.000000      -114.665200         0.028100 
   2         0.000000      -114.581300         0.112000 
   3         0.000000      -114.483000         0.210300 
   4         0.000000      -114.475200         0.218100 
   5         0.000000      -114.613700         0.079600 
   6         0.000000      -114.746500        -0.053200 
Li-S-c-.7-v-1.22
   0         0.000000      -119.620200         0.000000 
   1         0.000000      -119.606900         0.013300 
   2         0.000000      -119.560600         0.059600 
   3         0.000000      -119.500500         0.119700 
   4         0.000000      -119.507600         0.112600 
   5         0.000000      -119.631900        -0.011700 
   6         0.000000      -119.748100        -0.127900 
Li-S-c-.7-v-1.24
   0         0.000000      -123.972400         0.000000 
   1         0.000000      -123.972200         0.000200 
   2         0.000000      -123.960400         0.012000 
   3         0.000000      -123.935300         0.037100 
   4         0.000000      -123.953400         0.019000 
   5         0.000000      -124.067600        -0.095200 
   6         0.000000      -124.167900        -0.195500 
Li-S-c-.7-v-1.26
   0         0.000000      -127.968600         0.000000 
   1         0.000000      -127.980600        -0.012000 
   2         0.000000      -128.000300        -0.031700 
   3         0.000000      -128.007400        -0.038800 
   4         0.000000      -128.040800        -0.072200 
   5         0.000000      -128.139400        -0.170800 
   6         0.000000      -128.225800        -0.257200 
Li-S-c-.7-v-1.28
   0         0.000000      -131.644800         0.000000 
   1         0.000000      -131.668100        -0.023300 
   2         0.000000      -131.715800        -0.071000 
   3         0.000000      -131.751700        -0.106900 
   4         0.000000      -131.796500        -0.151700 
   5         0.000000      -131.883900        -0.239100 
   6         0.000000      -131.957400        -0.312600 
Li-S-c-.7-v-1.30
   0         0.000000      -135.019300         0.000000 
   1         0.000000      -135.053600        -0.034300 
   2         0.000000      -135.126400        -0.107100 
   3         0.000000      -135.188100        -0.168800 
   4         0.000000      -135.244000        -0.224700 
   5         0.000000      -135.321400        -0.302100 
   6         0.000000      -135.381200        -0.361900 
Li-S-c-.7-v-1.32
   0         0.000000      -138.096700         0.000000 
   1         0.000000      -138.140900        -0.044200 
   2         0.000000      -138.236400        -0.139700 
   3         0.000000      -138.322800        -0.226100 
   4         0.000000      -138.389000        -0.292300 
   5         0.000000      -138.456000        -0.359300 
   6         0.000000      -138.504000        -0.407300 
Li-S-c-.7-v-1.34
   0         0.000000      -140.925800         0.000000 
   1         0.000000      -140.978500        -0.052700 
   2         0.000000      -141.094300        -0.168500 
   3         0.000000      -141.203500        -0.277700 
   4         0.000000      -141.278400        -0.352600 
   5         0.000000      -141.336600        -0.410800 
   6         0.000000      -141.373900        -0.448100 
Li-S-c-.8-v-1.08
   0         0.000000       -67.362900         0.000000 
   1         0.000000       -67.213900         0.149000 
   2         0.000000       -66.828000         0.534900 
   3         0.000000       -66.419700         0.943200 
   4         0.000000       -66.294700         1.068200 
   5         0.000000       -66.557600         0.805300 
   6         0.000000       -66.827700         0.535200 
Li-S-c-.8-v-1.10
   0         0.000000       -78.642600         0.000000 
   1         0.000000       -78.519300         0.123300 
   2         0.000000       -78.197700         0.444900 
   3         0.000000       -77.856200         0.786400 
   4         0.000000       -77.755500         0.887100 
   5         0.000000       -77.995200         0.647400 
   6         0.000000       -78.237600         0.405000 
Li-S-c-.8-v-1.12
   0         0.000000       -88.698500         0.000000 
   1         0.000000       -88.598400         0.100100 
   2         0.000000       -88.336900         0.361600 
   3         0.000000       -88.056400         0.642100 
   4         0.000000       -87.980800         0.717700 
   5         0.000000       -88.196700         0.501800 
   6         0.000000       -88.412700         0.285800 
Li-S-c-.8-v-1.14
   0         0.000000       -97.762900         0.000000 
   1         0.000000       -97.683400         0.079500 
   2         0.000000       -97.476400         0.286500 
   3         0.000000       -97.251200         0.511700 
   4         0.000000       -97.197500         0.565400 
   5         0.000000       -97.392500         0.370400 
   6         0.000000       -97.585000         0.177900 
Li-S-c-.8-v-1.16
   0         0.000000      -105.748400         0.000000 
   1         0.000000      -105.690800         0.057600 
   2         0.000000      -105.570700         0.177700 
   3         0.000000      -105.355000         0.393400 
   4         0.000000      -105.402800         0.345600 
   5         0.000000      -105.520600         0.227800 
   6         0.000000      -105.668900         0.079500 
Li-S-c-.8-v-1.18
   0         0.000000      -113.296500         0.000000 
   1         0.000000      -113.256200         0.040300 
   2         0.000000      -113.142600         0.153900 
   3         0.000000      -113.077400         0.219100 
   4         0.000000      -112.997700         0.298800 
   5         0.000000      -113.155700         0.140800 
   6         0.000000      -113.307000        -0.010500 
Li-S-c-.8-v-1.20
   0         0.000000      -120.012100         0.000000 
   1         0.000000      -119.988200         0.023900 
   2         0.000000      -119.915200         0.096900 
   3         0.000000      -119.828200         0.183900 
   4         0.000000      -119.828600         0.183500 
   5         0.000000      -119.970500         0.041600 
   6         0.000000      -120.103200        -0.091100 
Li-S-c-.8-v-1.22
   0         0.000000      -126.116900         0.000000 
   1         0.000000      -126.107900         0.009000 
   2         0.000000      -126.071900         0.045000 
   3         0.000000      -126.022900         0.094000 
   4         0.000000      -126.038300         0.078600 
   5         0.000000      -126.165400        -0.048500 
   6         0.000000      -126.281100        -0.164200 
Li-S-c-.8-v-1.24
   0         0.000000      -131.707500         0.000000 
   1         0.000000      -131.711200        -0.003700 
   2         0.000000      -131.709000        -0.001500 
   3         0.000000      -131.694800         0.012700 
   4         0.000000      -131.723100        -0.015600 
   5         0.000000      -131.837400        -0.129900 
   6         0.000000      -131.938500        -0.231000 
Li-S-c-.8-v-1.26
   0         0.000000      -136.785200         0.000000 
   1         0.000000      -136.802200        -0.017000 
   2         0.000000      -136.830400        -0.045200 
   3         0.000000      -136.847700        -0.062500 
   4         0.000000      -136.889200        -0.104000 
   5         0.000000      -136.990400        -0.205200 
   6         0.000000      -137.075700        -0.290500 
Li-S-c-.8-v-1.28
   0         0.000000      -141.485400         0.000000 
   1         0.000000      -141.512500        -0.027100 
   2         0.000000      -141.569400        -0.084000 
   3         0.000000      -141.615800        -0.130400 
   4         0.000000      -141.667500        -0.182100 
   5         0.000000      -141.757500        -0.272100 
   6         0.000000      -141.831600        -0.346200 
Li-S-c-.8-v-1.30
   0         0.000000      -145.791200         0.000000 
   1         0.000000      -145.828900        -0.037700 
   2         0.000000      -145.911100        -0.119900 
   3         0.000000      -145.982600        -0.191400 
   4         0.000000      -146.045900        -0.254700 
   5         0.000000      -146.125700        -0.334500 
   6         0.000000      -146.186000        -0.394800 
Li-S-c-.8-v-1.32
   0         0.000000      -149.694900         0.000000 
   1         0.000000      -149.742400        -0.047500 
   2         0.000000      -149.846500        -0.151600 
   3         0.000000      -149.942400        -0.247500 
   4         0.000000      -150.015100        -0.320200 
   5         0.000000      -150.084900        -0.390000 
   6         0.000000      -150.133200        -0.438300 
Li-S-c-.8-v-1.34
   0         0.000000      -153.347500         0.000000 
   1         0.000000      -153.403400        -0.055900 
   2         0.000000      -153.529000        -0.181500 
   3         0.000000      -153.647200        -0.299700 
   4         0.000000      -153.728700        -0.381200 
   5         0.000000      -153.788600        -0.441100 
   6         0.000000      -153.827100        -0.479600 
Li-S-c-.9-v-1.08
   0         0.000000       -61.784000         0.000000 
   1         0.000000       -61.639400         0.144600 
   2         0.000000       -61.263600         0.520400 
   3         0.000000       -60.868000         0.916000 
   4         0.000000       -60.753200         1.030800 
   5         0.000000       -61.020000         0.764000 
   6         0.000000       -61.289000         0.495000 
Li-S-c-.9-v-1.10
   0         0.000000       -75.168000         0.000000 
   1         0.000000       -75.048600         0.119400 
   2         0.000000       -74.737700         0.430300 
   3         0.000000       -74.408400         0.759600 
   4         0.000000       -74.318200         0.849800 
   5         0.000000       -74.560300         0.607700 
   6         0.000000       -74.802300         0.365700 
Li-S-c-.9-v-1.12
   0         0.000000       -87.163000         0.000000 
   1         0.000000       -87.066700         0.096300 
   2         0.000000       -86.815900         0.347100 
   3         0.000000       -86.547000         0.616000 
   4         0.000000       -86.480200         0.682800 
   5         0.000000       -86.699700         0.463300 
   6         0.000000       -86.915400         0.247600 
Li-S-c-.9-v-1.14
   0         0.000000       -97.981400         0.000000 
   1         0.000000       -97.939300         0.042100 
   2         0.000000       -97.742500         0.238900 
   3         0.000000       -97.528600         0.452800 
   4         0.000000       -97.483100         0.498300 
   5         0.000000       -97.681600         0.299800 
   6         0.000000       -97.842200         0.139200 
Li-S-c-.9-v-1.16
   0         0.000000      -107.800600         0.000000 
   1         0.000000      -107.747600         0.053000 
   2         0.000000      -107.598300         0.202300 
   3         0.000000      -107.433600         0.367000 
   4         0.000000      -107.406700         0.393900 
   5         0.000000      -107.584900         0.215700 
   6         0.000000      -107.758200         0.042400 
Li-S-c-.9-v-1.18
   0         0.000000      -116.717400         0.000000 
   1         0.000000      -116.732900        -0.015500 
   2         0.000000      -116.627600         0.089800 
   3         0.000000      -116.508800         0.208600 
   4         0.000000      -116.499900         0.217500 
   5         0.000000      -116.661800         0.055600 
   6         0.000000      -116.762700        -0.045300 
Li-S-c-.9-v-1.20
   0         0.000000      -124.832100         0.000000 
   1         0.000000      -124.811900         0.020200 
   2         0.000000      -124.748100         0.084000 
   3         0.000000      -124.669700         0.162400 
   4         0.000000      -124.678900         0.153200 
   5         0.000000      -124.823900         0.008200 
   6         0.000000      -124.957000        -0.124900 
Li-S-c-.9-v-1.22
   0         0.000000      -132.225700         0.000000 
   1         0.000000      -132.220300         0.005400 
   2         0.000000      -132.193200         0.032500 
   3         0.000000      -132.154200         0.071500 
   4         0.000000      -132.176600         0.049100 
   5         0.000000      -132.306700        -0.081000 
   6         0.000000      -132.422800        -0.197100 
Li-S-c-.9-v-1.24
   0         0.000000      -139.000600         0.000000 
   1         0.000000      -139.007800        -0.007200 
   2         0.000000      -139.014300        -0.013700 
   3         0.000000      -139.009800        -0.009200 
   4         0.000000      -139.044900        -0.044300 
   5         0.000000      -139.162000        -0.161400 
   6         0.000000      -139.263700        -0.263100 
Li-S-c-.9-v-1.26
   0         0.000000      -145.186000         0.000000 
   1         0.000000      -145.205200        -0.019200 
   2         0.000000      -145.242500        -0.056500 
   3         0.000000      -145.269700        -0.083700 
   4         0.000000      -145.316800        -0.130800 
   5         0.000000      -145.421100        -0.235100 
   6         0.000000      -145.509000        -0.323000 
Li-S-c-.9-v-1.28
   0         0.000000      -150.879700         0.000000 
   1         0.000000      -150.910000        -0.030300 
   2         0.000000      -150.975100        -0.095400 
   3         0.000000      -151.030700        -0.151000 
   4         0.000000      -151.089300        -0.209600 
   5         0.000000      -151.181700        -0.302000 
   6         0.000000      -151.256700        -0.377000 
Li-S-c-.9-v-1.30
   0         0.000000      -156.113000         0.000000 
   1         0.000000      -156.154200        -0.041200 
   2         0.000000      -156.244400        -0.131400 
   3         0.000000      -156.325400        -0.212400 
   4         0.000000      -156.395000        -0.282000 
   5         0.000000      -156.477400        -0.364400 
   6         0.000000      -156.538500        -0.425500 
Li-S-c-.9-v-1.32
   0         0.000000      -160.903200         0.000000 
   1         0.000000      -160.954400        -0.051200 
   2         0.000000      -161.066700        -0.163500 
   3         0.000000      -160.912400        -0.009200 
   4         0.000000      -161.251700        -0.348500 
   5         0.000000      -161.323400        -0.420200 
   6         0.000000      -161.372700        -0.469500 
Li-S-c-.9-v-1.34
   0         0.000000      -165.310700         0.000000 
   1         0.000000      -165.369900        -0.059200 
   2         0.000000      -165.503100        -0.192400 
   3         0.000000      -165.630200        -0.319500 
   4         0.000000      -165.718300        -0.407600 
   5         0.000000      -165.780500        -0.469800 
   6         0.000000      -165.819600        -0.508900 
Li-S-c-1.0-v-1.08
   0         0.000000       -55.748400         0.000000 
   1         0.000000       -55.607900         0.140500 
   2         0.000000       -55.241800         0.506600 
   3         0.000000       -54.854200         0.894200 
   4         0.000000       -54.745100         1.003300 
   5         0.000000       -55.015500         0.732900 
   6         0.000000       -55.285900         0.462500 
Li-S-c-1.0-v-1.10
   0         0.000000       -71.227200         0.000000 
   1         0.000000       -71.112100         0.115100 
   2         0.000000       -70.811200         0.416000 
   3         0.000000       -70.468300         0.758900 
   4         0.000000       -70.406300         0.820900 
   5         0.000000       -70.651500         0.575700 
   6         0.000000       -70.894500         0.332700 
Li-S-c-1.0-v-1.12
   0         0.000000       -85.178200         0.000000 
   1         0.000000       -85.086000         0.092200 
   2         0.000000       -84.843600         0.334600 
   3         0.000000       -84.582900         0.595300 
   4         0.000000       -84.521900         0.656300 
   5         0.000000       -84.744200         0.434000 
   6         0.000000       -84.960500         0.217700 
Li-S-c-1.0-v-1.14
   0         0.000000       -97.820100         0.000000 
   1         0.000000       -97.749800         0.070300 
   2         0.000000       -97.559600         0.260500 
   3         0.000000       -97.353900         0.466200 
   4         0.000000       -97.314400         0.505700 
   5         0.000000       -97.555500         0.264600 
   6         0.000000       -97.708500         0.111600 
Li-S-c-1.0-v-1.16
   0         0.000000      -109.097300         0.000000 
   1         0.000000      -109.046100         0.051200 
   2         0.000000      -108.904300         0.193000 
   3         0.000000      -108.748300         0.349000 
   4         0.000000      -108.728300         0.369000 
   5         0.000000      -108.909400         0.187900 
   6         0.000000      -109.082600         0.014700 
Li-S-c-1.0-v-1.18
   0         0.000000      -119.743300         0.000000 
   1         0.000000      -119.710500         0.032800 
   2         0.000000      -119.612800         0.130500 
   3         0.000000      -119.502600         0.240700 
   4         0.000000      -119.499700         0.243600 
   5         0.000000      -119.664300         0.079000 
   6         0.000000      -119.816600        -0.073300 
Li-S-c-1.0-v-1.20
   0         0.000000      -129.139000         0.000000 
   1         0.000000      -129.121900         0.017100 
   2         0.000000      -129.065000         0.074000 
   3         0.000000      -128.996200         0.142800 
   4         0.000000      -129.009500         0.129500 
   5         0.000000      -129.157500        -0.018500 
   6         0.000000      -129.292400        -0.153400 
Li-S-c-1.0-v-1.22
   0         0.000000      -137.891700         0.000000 
   1         0.000000      -137.889400         0.002300 
   2         0.000000      -137.869800         0.021900 
   3         0.000000      -137.839400         0.052300 
   4         0.000000      -137.868100         0.023600 
   5         0.000000      -138.000700        -0.109000 
   6         0.000000      -138.117300        -0.225600 
Li-S-c-1.0-v-1.24
   0         0.000000      -145.851500         0.000000 
   1         0.000000      -145.861800        -0.010300 
   2         0.000000      -145.875600        -0.024100 
   3         0.000000      -145.879500        -0.028000 
   4         0.000000      -145.921200        -0.069700 
   5         0.000000      -146.040600        -0.189100 
   6         0.000000      -146.143000        -0.291500 
Li-S-c-1.0-v-1.26
   0         0.000000      -153.130800         0.000000 
   1         0.000000      -153.153200        -0.022400 
   2         0.000000      -153.197400        -0.066600 
   3         0.000000      -153.233100        -0.102300 
   4         0.000000      -153.286800        -0.156000 
   5         0.000000      -153.393600        -0.262800 
   6         0.000000      -153.482000        -0.351200 
Li-S-c-1.0-v-1.28
   0         0.000000      -159.831700         0.000000 
   1         0.000000      -159.864700        -0.033000 
   2         0.000000      -159.936900        -0.105200 
   3         0.000000      -159.904500        -0.072800 
   4         0.000000      -160.065600        -0.233900 
   5         0.000000      -160.161100        -0.329400 
   6         0.000000      -160.236400        -0.404700 
Li-S-c-1.0-v-1.30
   0         0.000000      -165.992000         0.000000 
   1         0.000000      -166.035400        -0.043400 
   2         0.000000      -166.132800        -0.140800 
   3         0.000000      -166.090800        -0.098800 
   4         0.000000      -166.298200        -0.306200 
   5         0.000000      -166.382900        -0.390900 
   6         0.000000      -166.445100        -0.453100 
Li-S-c-1.0-v-1.32
   0         0.000000      -171.634200         0.000000 
   1         0.000000      -171.688100        -0.053900 
   2         0.000000      -171.807300        -0.173100 
   3         0.000000      -171.866100        -0.231900 
   4         0.000000      -172.006900        -0.372700 
   5         0.000000      -172.081300        -0.447100 
   6         0.000000      -172.131300        -0.497100 
Li-S-c-1.0-v-1.34
   0         0.000000      -176.821100         0.000000 
   1         0.000000      -176.883000        -0.061900 
   2         0.000000      -177.022600        -0.201500 
   3         0.000000      -176.999200        -0.178100 
   4         0.000000      -177.251400        -0.430300 
   5         0.000000      -177.317300        -0.496200 
   6         0.000000      -177.356500        -0.535400 
Li-S-c-1.1-v-1.08
   0         0.000000       -49.238400         0.000000 
   1         0.000000       -49.102500         0.135900 
   2         0.000000       -48.744300         0.494100 
   3         0.000000       -48.364100         0.874300 
   4         0.000000       -48.260300         0.978100 
   5         0.000000       -48.533200         0.705200 
   6         0.000000       -48.803800         0.434600 
Li-S-c-1.1-v-1.10
   0         0.000000       -66.845200         0.000000 
   1         0.000000       -66.734200         0.111000 
   2         0.000000       -66.440100         0.405100 
   3         0.000000       -66.126500         0.718700 
   4         0.000000       -66.048200         0.797000 
   5         0.000000       -66.296200         0.549000 
   6         0.000000       -66.539300         0.305900 
Li-S-c-1.1-v-1.12
   0         0.000000       -82.730100         0.000000 
   1         0.000000       -82.641400         0.088700 
   2         0.000000       -82.406600         0.323500 
   3         0.000000       -82.154100         0.576000 
   4         0.000000       -82.099500         0.630600 
   5         0.000000       -82.324600         0.405500 
   6         0.000000       -82.541400         0.188700 
Li-S-c-1.1-v-1.14
   0         0.000000       -97.166900         0.000000 
   1         0.000000       -97.098500         0.068400 
   2         0.000000       -96.917000         0.249900 
   3         0.000000       -96.719900         0.447000 
   4         0.000000       -96.687000         0.479900 
   5         0.000000       -96.890900         0.276000 
   6         0.000000       -97.084500         0.082400 
Li-S-c-1.1-v-1.16
   0         0.000000      -110.261200         0.000000 
   1         0.000000      -110.213600         0.047600 
   2         0.000000      -110.080300         0.180900 
   3         0.000000      -109.933500         0.327700 
   4         0.000000      -109.920200         0.341000 
   5         0.000000      -110.104300         0.156900 
   6         0.000000      -110.276900        -0.015700 
Li-S-c-1.1-v-1.18
   0         0.000000      -122.269300         0.000000 
   1         0.000000      -122.239500         0.029800 
   2         0.000000      -122.148600         0.120700 
   3         0.000000      -122.047300         0.222000 
   4         0.000000      -122.051400         0.217900 
   5         0.000000      -122.218800         0.050500 
   6         0.000000      -122.371500        -0.102200 
Li-S-c-1.1-v-1.20
   0         0.000000      -133.067600         0.000000 
   1         0.000000      -133.053200         0.014400 
   2         0.000000      -133.003700         0.063900 
   3         0.000000      -132.943100         0.124500 
   4         0.000000      -132.963700         0.103900 
   5         0.000000      -133.114500        -0.046900 
   6         0.000000      -133.249700        -0.182100 
Li-S-c-1.1-v-1.22
   0         0.000000      -143.159800         0.000000 
   1         0.000000      -143.159600         0.000200 
   2         0.000000      -143.146500         0.013300 
   3         0.000000      -143.166600        -0.006800 
   4         0.000000      -143.159400         0.000400 
   5         0.000000      -143.294800        -0.135000 
   6         0.000000      -143.413800        -0.254000 
Li-S-c-1.1-v-1.24
   0         0.000000      -152.263900         0.000000 
   1         0.000000      -152.276600        -0.012700 
   2         0.000000      -152.297300        -0.033400 
   3         0.000000      -152.397300        -0.133400 
   4         0.000000      -152.358600        -0.094700 
   5         0.000000      -152.480200        -0.216300 
   6         0.000000      -152.583100        -0.319200 
Li-S-c-1.1-v-1.26
   0         0.000000      -160.638500         0.000000 
   1         0.000000      -160.663100        -0.024600 
   2         0.000000      -160.714300        -0.075800 
   3         0.000000      -160.839900        -0.201400 
   4         0.000000      -160.818400        -0.179900 
   5         0.000000      -160.927800        -0.289300 
   6         0.000000      -161.017000        -0.378500 
Li-S-c-1.1-v-1.28
   0         0.000000      -168.347300         0.000000 
   1         0.000000      -168.382700        -0.035400 
   2         0.000000      -168.461300        -0.114000 
   3         0.000000      -168.533600        -0.186300 
   4         0.000000      -168.605300        -0.258000 
   5         0.000000      -168.703100        -0.355800 
   6         0.000000      -168.779000        -0.431700 
Li-S-c-1.1-v-1.30
   0         0.000000      -175.434300         0.000000 
   1         0.000000      -175.480600        -0.046300 
   2         0.000000      -175.584200        -0.149900 
   3         0.000000      -175.681900        -0.247600 
   4         0.000000      -175.764200        -0.329900 
   5         0.000000      -175.851800        -0.417500 
   6         0.000000      -175.914100        -0.479800 
Li-S-c-1.1-v-1.32
   0         0.000000      -181.928800         0.000000 
   1         0.000000      -181.984900        -0.056100 
   2         0.000000      -182.110600        -0.181800 
   3         0.000000      -182.232700        -0.303900 
   4         0.000000      -182.324800        -0.396000 
   5         0.000000      -182.401500        -0.472700 
   6         0.000000      -182.452000        -0.523200 
Li-S-c-1.1-v-1.34
   0         0.000000      -187.903000         0.000000 
   1         0.000000      -187.967500        -0.064500 
   2         0.000000      -188.113900        -0.210900 
   3         0.000000      -188.257200        -0.354200 
   4         0.000000      -188.357400        -0.454400 
   5         0.000000      -188.425400        -0.522400 
   6         0.000000      -188.465300        -0.562300 
Li-S-c-1.2-v-1.08
   0         0.000000       -42.163300         0.000000 
   1         0.000000       -42.033100         0.130200 
   2         0.000000       -41.685800         0.477500 
   3         0.000000       -41.316900         0.846400 
   4         0.000000       -41.224900         0.938400 
   5         0.000000       -41.505500         0.657800 
   6         0.000000       -41.777700         0.385600 
Li-S-c-1.2-v-1.10
   0         0.000000       -61.919500         0.000000 
   1         0.000000       -61.812500         0.107000 
   2         0.000000       -61.528400         0.391100 
   3         0.000000       -61.227600         0.691900 
   4         0.000000       -61.160200         0.759300 
   5         0.000000       -61.414700         0.504800 
   6         0.000000       -61.659500         0.260000 
Li-S-c-1.2-v-1.12
   0         0.000000       -79.781300         0.000000 
   1         0.000000       -79.696300         0.085000 
   2         0.000000       -79.470700         0.310600 
   3         0.000000       -79.230700         0.550600 
   4         0.000000       -79.186500         0.594800 
   5         0.000000       -79.417300         0.364000 
   6         0.000000       -79.635600         0.145700 
Li-S-c-1.2-v-1.14
   0         0.000000       -96.035900         0.000000 
   1         0.000000       -95.971100         0.064800 
   2         0.000000       -95.798700         0.237200 
   3         0.000000       -95.613200         0.422700 
   4         0.000000       -95.590100         0.445800 
   5         0.000000       -95.799200         0.236700 
   6         0.000000       -95.993900         0.042000 
Li-S-c-1.2-v-1.16
   0         0.000000      -110.633400         0.000000 
   1         0.000000      -110.589000         0.044400 
   2         0.000000      -110.463000         0.170400 
   3         0.000000      -110.326600         0.306800 
   4         0.000000      -110.322600         0.310800 
   5         0.000000      -110.511600         0.121800 
   6         0.000000      -110.686200        -0.052800 
Li-S-c-1.2-v-1.18
   0         0.000000      -124.345600         0.000000 
   1         0.000000      -124.319200         0.026400 
   2         0.000000      -124.237000         0.108600 
   3         0.000000      -124.144000         0.201600 
   4         0.000000      -124.158600         0.187000 
   5         0.000000      -124.330300         0.015300 
   6         0.000000      -124.484100        -0.138500 
Li-S-c-1.2-v-1.20
   0         0.000000      -136.554900         0.000000 
   1         0.000000      -136.543600         0.011300 
   2         0.000000      -136.501700         0.053200 
   3         0.000000      -136.632200        -0.077300 
   4         0.000000      -136.480200         0.074700 
   5         0.000000      -136.635200        -0.080300 
   6         0.000000      -136.771100        -0.216200 
Li-S-c-1.2-v-1.22
   0         0.000000      -147.947000         0.000000 
   1         0.000000      -147.950100        -0.003100 
   2         0.000000      -147.944000         0.003000 
   3         0.000000      -147.931600         0.015400 
   4         0.000000      -147.974500        -0.027500 
   5         0.000000      -148.113800        -0.166800 
   6         0.000000      -148.233300        -0.286300 
Li-S-c-1.2-v-1.24
   0         0.000000      -158.245100         0.000000 
   1         0.000000      -158.260500        -0.015400 
   2         0.000000      -158.288400        -0.043300 
   3         0.000000      -158.463100        -0.218000 
   4         0.000000      -158.365600        -0.120500 
   5         0.000000      -158.491500        -0.246400 
   6         0.000000      -158.595000        -0.349900 
Li-S-c-1.2-v-1.26
   0         0.000000      -167.718000         0.000000 
   1         0.000000      -167.745100        -0.027100 
   2         0.000000      -167.803400        -0.085400 
   3         0.000000      -168.090300        -0.372300 
   4         0.000000      -167.923300        -0.205300 
   5         0.000000      -168.036100        -0.318100 
   6         0.000000      -168.125800        -0.407800 
Li-S-c-1.2-v-1.28
   0         0.000000      -176.436400         0.000000 
   1         0.000000      -176.474300        -0.037900 
   2         0.000000      -176.559300        -0.122900 
   3         0.000000      -176.736800        -0.300400 
   4         0.000000      -176.718700        -0.282300 
   5         0.000000      -176.819700        -0.383300 
   6         0.000000      -176.896300        -0.459900 
Li-S-c-1.2-v-1.30
   0         0.000000      -184.451200         0.000000 
   1         0.000000      -184.499900        -0.048700 
   2         0.000000      -184.609600        -0.158400 
   3         0.000000      -184.715600        -0.264400 
   4         0.000000      -184.804800        -0.353600 
   5         0.000000      -184.896200        -0.445000 
   6         0.000000      -184.958300        -0.507100 
Li-S-c-1.2-v-1.32
   0         0.000000      -191.797600         0.000000 
   1         0.000000      -191.855900        -0.058300 
   2         0.000000      -191.987400        -0.189800 
   3         0.000000      -192.117500        -0.319900 
   4         0.000000      -192.216000        -0.418400 
   5         0.000000      -192.296000        -0.498400 
   6         0.000000      -192.347100        -0.549500 
Li-S-c-1.2-v-1.34
   0         0.000000      -198.553900         0.000000 
   1         0.000000      -198.620100        -0.066200 
   2         0.000000      -198.772200        -0.218300 
   3         0.000000      -199.075000        -0.521100 
   4         0.000000      -199.030000        -0.476100 
   5         0.000000      -199.100900        -0.547000 
   6         0.000000      -199.141500        -0.587600 
Li-S-c-1.3-v-1.08
   0         0.000000       -34.622800         0.000000 
   1         0.000000       -34.504800         0.118000 
   2         0.000000       -34.165400         0.457400 
   3         0.000000       -33.802600         0.820200 
   4         0.000000       -33.731000         0.891800 
   5         0.000000       -34.013400         0.609400 
   6         0.000000       -34.282700         0.340100 
Li-S-c-1.3-v-1.10
   0         0.000000       -56.536500         0.000000 
   1         0.000000       -56.433400         0.103100 
   2         0.000000       -56.159200         0.377300 
   3         0.000000       -55.870000         0.666500 
   4         0.000000       -55.812600         0.723900 
   5         0.000000       -56.073600         0.462900 
   6         0.000000       -56.320000         0.216500 
Li-S-c-1.3-v-1.12
   0         0.000000       -76.380600         0.000000 
   1         0.000000       -76.299300         0.081300 
   2         0.000000       -76.083700         0.296900 
   3         0.000000       -75.854600         0.526000 
   4         0.000000       -75.819800         0.560800 
   5         0.000000       -76.057000         0.323600 
   6         0.000000       -76.276600         0.104000 
Li-S-c-1.3-v-1.14
   0         0.000000       -94.458000         0.000000 
   1         0.000000       -94.396800         0.061200 
   2         0.000000       -94.233600         0.224400 
   3         0.000000       -93.994500         0.463500 
   4         0.000000       -94.045100         0.412900 
   5         0.000000       -94.260100         0.197900 
   6         0.000000       -94.455900         0.002100 
Li-S-c-1.3-v-1.16
   0         0.000000      -110.729300         0.000000 
   1         0.000000      -110.688400         0.040900 
   2         0.000000      -110.571500         0.157800 
   3         0.000000      -110.445600         0.283700 
   4         0.000000      -110.450500         0.278800 
   5         0.000000      -110.645000         0.084300 
   6         0.000000      -110.820500        -0.091200 
Li-S-c-1.3-v-1.18
   0         0.000000      -125.986600         0.000000 
   1         0.000000      -125.963500         0.023100 
   2         0.000000      -125.890000         0.096600 
   3         0.000000      -125.809000         0.177600 
   4         0.000000      -125.830300         0.156300 
   5         0.000000      -126.007200        -0.020600 
   6         0.000000      -126.161800        -0.175200 
Li-S-c-1.3-v-1.20
   0         0.000000      -139.612500         0.000000 
   1         0.000000      -139.604200         0.008300 
   2         0.000000      -139.570600         0.041900 
   3         0.000000      -139.530300         0.082200 
   4         0.000000      -139.566900         0.045600 
   5         0.000000      -139.726600        -0.114100 
   6         0.000000      -139.863800        -0.251300 
Li-S-c-1.3-v-1.22
   0         0.000000      -152.309700         0.000000 
   1         0.000000      -152.315200        -0.005500 
   2         0.000000      -152.317800        -0.008100 
   3         0.000000      -152.298700         0.011000 
   4         0.000000      -152.364700        -0.055000 
   5         0.000000      -152.509100        -0.199400 
   6         0.000000      -152.629600        -0.319900 
Li-S-c-1.3-v-1.24
   0         0.000000      -163.805700         0.000000 
   1         0.000000      -163.823900        -0.018200 
   2         0.000000      -163.858900        -0.053200 
   3         0.000000      -163.889700        -0.084000 
   4         0.000000      -163.953100        -0.147400 
   5         0.000000      -164.083400        -0.277700 
   6         0.000000      -164.187600        -0.381900 
Li-S-c-1.3-v-1.26
   0         0.000000      -174.379800         0.000000 
   1         0.000000      -174.409400        -0.029600 
   2         0.000000      -174.474200        -0.094400 
   3         0.000000      -174.424500        -0.044700 
   4         0.000000      -174.610700        -0.230900 
   5         0.000000      -174.727500        -0.347700 
   6         0.000000      -174.818100        -0.438300 
Li-S-c-1.3-v-1.28
   0         0.000000      -184.109800         0.000000 
   1         0.000000      -184.149900        -0.040100 
   2         0.000000      -184.241300        -0.131500 
   3         0.000000      -184.314500        -0.204700 
   4         0.000000      -184.416300        -0.306500 
   5         0.000000      -184.521200        -0.411400 
   6         0.000000      -184.598500        -0.488700 
Li-S-c-1.3-v-1.30
   0         0.000000      -193.053000         0.000000 
   1         0.000000      -193.103800        -0.050800 
   2         0.000000      -193.219800        -0.166800 
   3         0.000000      -193.258400        -0.205400 
   4         0.000000      -193.429800        -0.376800 
   5         0.000000      -193.524100        -0.471100 
   6         0.000000      -193.587800        -0.534800 
Li-S-c-1.3-v-1.32
   0         0.000000      -201.251000         0.000000 
   1         0.000000      -201.311600        -0.060600 
   2         0.000000      -201.448600        -0.197600 
   3         0.000000      -201.586600        -0.335600 
   4         0.000000      -201.691700        -0.440700 
   5         0.000000      -201.775100        -0.524100 
   6         0.000000      -201.827100        -0.576100 
Li-S-c-1.3-v-1.34
   0         0.000000      -208.788600         0.000000 
   1         0.000000      -208.856400        -0.067800 
   2         0.000000      -209.014100        -0.225500 
   3         0.000000      -209.172900        -0.384300 
   4         0.000000      -209.285800        -0.497200 
   5         0.000000      -209.360100        -0.571500 
   6         0.000000      -209.401300        -0.612700 
Li-S-c-1.4-v-1.08
   0         0.000000       -26.642900         0.000000 
   1         0.000000       -26.520000         0.122900 
   2         0.000000       -26.192900         0.450000 
   3         0.000000       -25.797200         0.845700 
   4         0.000000       -25.771200         0.871700 
   5         0.000000       -26.064200         0.578700 
   6         0.000000       -26.340600         0.302300 
Li-S-c-1.4-v-1.10
   0         0.000000       -50.719800         0.000000 
   1         0.000000       -50.621100         0.098700 
   2         0.000000       -50.356300         0.363500 
   3         0.000000       -50.077800         0.642000 
   4         0.000000       -50.025100         0.694700 
   5         0.000000       -50.291800         0.428000 
   6         0.000000       -50.540000         0.179800 
Li-S-c-1.4-v-1.12
   0         0.000000       -72.551900         0.000000 
   1         0.000000       -72.474500         0.077400 
   2         0.000000       -72.267900         0.284000 
   3         0.000000       -72.047600         0.504300 
   4         0.000000       -72.019700         0.532200 
   5         0.000000       -72.262300         0.289600 
   6         0.000000       -72.483600         0.068300 
Li-S-c-1.4-v-1.14
   0         0.000000       -92.457400         0.000000 
   1         0.000000       -92.400000         0.057400 
   2         0.000000       -92.245300         0.212100 
   3         0.000000       -92.079300         0.378100 
   4         0.000000       -92.072500         0.384900 
   5         0.000000       -92.292700         0.164700 
   6         0.000000       -92.490000        -0.032600 
Li-S-c-1.4-v-1.16
   0         0.000000      -110.588100         0.000000 
   1         0.000000      -110.550900         0.037200 
   2         0.000000      -110.443100         0.145000 
   3         0.000000      -110.423500         0.164600 
   4         0.000000      -110.338500         0.249600 
   5         0.000000      -110.538100         0.050000 
   6         0.000000      -110.714200        -0.126100 
Li-S-c-1.4-v-1.18
   0         0.000000      -127.172800         0.000000 
   1         0.000000      -127.152400         0.020400 
   2         0.000000      -127.087600         0.085200 
   3         0.000000      -127.044200         0.128600 
   4         0.000000      -127.044800         0.128000 
   5         0.000000      -127.225700        -0.052900 
   6         0.000000      -127.381400        -0.208600 
Li-S-c-1.4-v-1.20
   0         0.000000      -142.258400         0.000000 
   1         0.000000      -142.253200         0.005200 
   2         0.000000      -142.226700         0.031700 
   3         0.000000      -142.243700         0.014700 
   4         0.000000      -142.238600         0.019800 
   5         0.000000      -142.402900        -0.144500 
   6         0.000000      -142.541500        -0.283100 
Li-S-c-1.4-v-1.22
   0         0.000000      -156.262800         0.000000 
   1         0.000000      -156.271000        -0.008200 
   2         0.000000      -156.280100        -0.017300 
   3         0.000000      -156.297000        -0.034200 
   4         0.000000      -156.343100        -0.080300 
   5         0.000000      -156.491700        -0.228900 
   6         0.000000      -156.613400        -0.350600 
Li-S-c-1.4-v-1.24
   0         0.000000      -168.958100         0.000000 
   1         0.000000      -168.978700        -0.020600 
   2         0.000000      -169.020700        -0.062600 
   3         0.000000      -169.059300        -0.101200 
   4         0.000000      -169.129700        -0.171600 
   5         0.000000      -169.264400        -0.306300 
   6         0.000000      -169.369900        -0.411800 
Li-S-c-1.4-v-1.26
   0         0.000000      -180.634400         0.000000 
   1         0.000000      -180.666300        -0.031900 
   2         0.000000      -180.737300        -0.102900 
   3         0.000000      -180.806800        -0.172400 
   4         0.000000      -180.888500        -0.254100 
   5         0.000000      -181.009700        -0.375300 
   6         0.000000      -181.101200        -0.466800 
Li-S-c-1.4-v-1.28
   0         0.000000      -191.376000         0.000000 
   1         0.000000      -191.418400        -0.042400 
   2         0.000000      -191.515700        -0.139700 
   3         0.000000      -191.430300        -0.054300 
   4         0.000000      -191.705400        -0.329400 
   5         0.000000      -191.814100        -0.438100 
   6         0.000000      -191.892300        -0.516300 
Li-S-c-1.4-v-1.30
   0         0.000000      -201.247300         0.000000 
   1         0.000000      -201.300000        -0.052700 
   2         0.000000      -201.421500        -0.174200 
   3         0.000000      -201.543200        -0.295900 
   4         0.000000      -201.645900        -0.398600 
   5         0.000000      -201.744500        -0.497200 
   6         0.000000      -201.808900        -0.561600 
Li-S-c-1.4-v-1.32
   0         0.000000      -210.296300         0.000000 
   1         0.000000      -210.357500        -0.061200 
   2         0.000000      -210.500400        -0.204100 
   3         0.000000      -210.639100        -0.342800 
   4         0.000000      -210.757400        -0.461100 
   5         0.000000      -210.845000        -0.548700 
   6         0.000000      -210.900700        -0.604400 
Li-S-c-1.4-v-1.34
   0         0.000000      -218.613500         0.000000 
   1         0.000000      -218.682000        -0.068500 
   2         0.000000      -218.841500        -0.228000 
   3         0.000000      -218.923300        -0.309800 
   4         0.000000      -219.126300        -0.512800 
   5         0.000000      -219.209000        -0.595500 
   6         0.000000      -219.251100        -0.637600 
Li-S-c-1.5-v-1.08
   0         0.000000       -18.225100         0.000000 
   1         0.000000       -18.105600         0.119500 
   2         0.000000       -17.786000         0.439100 
   3         0.000000       -17.447500         0.777600 
   4         0.000000       -17.380100         0.845000 
   5         0.000000       -17.679800         0.545300 
   6         0.000000       -17.957300         0.267800 
Li-S-c-1.5-v-1.10
   0         0.000000       -44.473700         0.000000 
   1         0.000000       -44.377800         0.095900 
   2         0.000000       -44.121200         0.352500 
   3         0.000000       -43.848700         0.625000 
   4         0.000000       -43.806100         0.667600 
   5         0.000000       -44.079000         0.394700 
   6         0.000000       -44.328700         0.145000 
Li-S-c-1.5-v-1.12
   0         0.000000       -68.301100         0.000000 
   1         0.000000       -68.226700         0.074400 
   2         0.000000       -68.026700         0.274400 
   3         0.000000       -67.813800         0.487300 
   4         0.000000       -67.793400         0.507700 
   5         0.000000       -68.041900         0.259200 
   6         0.000000       -68.264300         0.036800 
Li-S-c-1.5-v-1.14
   0         0.000000       -90.040200         0.000000 
   1         0.000000       -89.985300         0.054900 
   2         0.000000       -89.836800         0.203400 
   3         0.000000       -89.712900         0.327300 
   4         0.000000       -89.678700         0.361500 
   5         0.000000       -89.904600         0.135600 
   6         0.000000       -90.103200        -0.063000 
Li-S-c-1.5-v-1.16
   0         0.000000      -109.672400         0.000000 
   1         0.000000      -109.637600         0.034800 
   2         0.000000      -109.534600         0.137800 
   3         0.000000      -109.459000         0.213400 
   4         0.000000      -109.443500         0.228900 
   5         0.000000      -109.648800         0.023600 
   6         0.000000      -109.826500        -0.154100 
Li-S-c-1.5-v-1.18
   0         0.000000      -127.991600         0.000000 
   1         0.000000      -127.973500         0.018100 
   2         0.000000      -127.914400         0.077200 
   3         0.000000      -127.849700         0.141900 
   4         0.000000      -127.885700         0.105900 
   5         0.000000      -128.071600        -0.080000 
   6         0.000000      -128.228300        -0.236700 
Li-S-c-1.5-v-1.20
   0         0.000000      -144.584300         0.000000 
   1         0.000475      -144.581600         0.002700 
   2         0.003017      -144.561200         0.023100 
   3         0.008270      -144.537100         0.047200 
   4         0.009491      -144.588400        -0.004100 
   5         0.007856      -144.756900        -0.172600 
   6         0.000000      -144.894800        -0.310500 
Li-S-c-1.5-v-1.22
   0         0.000000      -159.807600         0.000000 
   1         0.000000      -159.818000        -0.010400 
   2         0.000000      -159.832600        -0.025000 
   3         0.000000      -159.845000        -0.037400 
   4         0.000000      -159.908900        -0.101300 
   5         0.000000      -160.062300        -0.254700 
   6         0.000000      -160.184700        -0.377100 
Li-S-c-1.5-v-1.24
   0         0.000000      -173.702400         0.000000 
   1         0.000000      -173.725100        -0.022700 
   2         0.000000      -173.772200        -0.069800 
   3         0.000000      -173.818100        -0.115700 
   4         0.000000      -173.894900        -0.192500 
   5         0.000000      -174.033700        -0.331300 
   6         0.000000      -174.139900        -0.437500 
Li-S-c-1.5-v-1.26
   0         0.000000      -186.480300         0.000000 
   1         0.000000      -186.514100        -0.033800 
   2         0.000000      -186.590300        -0.110000 
   3         0.000000      -186.471500         0.008800 
   4         0.000000      -186.755000        -0.274700 
   5         0.000000      -186.880000        -0.399700 
   6         0.000000      -186.972300        -0.492000 
Li-S-c-1.5-v-1.28
   0         0.000000      -198.232800         0.000000 
   1         0.000000      -198.277000        -0.044200 
   2         0.000000      -198.379200        -0.146400 
   3         0.000000      -198.483400        -0.250600 
   4         0.000000      -198.581700        -0.348900 
   5         0.000000      -198.695000        -0.462200 
   6         0.000000      -198.773700        -0.540900 
Li-S-c-1.5-v-1.30
   0         0.000000      -209.031500         0.000000 
   1         0.000000      -209.084800        -0.053300 
   2         0.000000      -209.212100        -0.180600 
   3         0.000000      -209.248800        -0.217300 
   4         0.000000      -209.447500        -0.416000 
   5         0.000000      -209.551600        -0.520100 
   6         0.000000      -209.617300        -0.585800 
Li-S-c-1.5-v-1.32
   0         0.000000      -218.930400         0.000000 
   1         0.000000      -218.992200        -0.061800 
   2         0.000000      -219.139700        -0.209300 
   3         0.000000      -219.294200        -0.363800 
   4         0.000000      -219.408400        -0.478000 
   5         0.000000      -219.499700        -0.569300 
   6         0.000000      -219.555400        -0.625000 
Li-S-c-1.5-v-1.34
   0         0.000000      -228.026800         0.000000 
   1         0.000000      -228.094500        -0.067700 
   2         0.000000      -228.263500        -0.236700 
   3         0.000000      -228.438000        -0.411200 
   4         0.000000      -228.558400        -0.531600 
   5         0.000000      -228.639800        -0.613000 
   6         0.000000      -228.687000        -0.660200 
Li-S-c-1.6-v-1.08
   0         0.000000        -9.291200         0.000000 
   1         0.000000        -9.174500         0.116700 
   2         0.000000        -8.862700         0.428500 
   3         0.000000        -8.534100         0.757100 
   4         0.000000        -8.474800         0.816400 
   5         0.000000        -8.776200         0.515000 
   6         0.000000        -9.051700         0.239500 
Li-S-c-1.6-v-1.10
   0         0.000000       -37.719300         0.000000 
   1         0.000000       -37.626500         0.092800 
   2         0.000000       -37.376400         0.342900 
   3         0.000000       -37.113600         0.605700 
   4         0.000000       -37.078200         0.641100 
   5         0.000000       -37.353000         0.366300 
   6         0.000000       -37.600500         0.118800 
Li-S-c-1.6-v-1.12
   0         0.000000       -63.548700         0.000000 
   1         0.000000       -63.476800         0.071900 
   2         0.000000       -63.284200         0.264500 
   3         0.000000       -63.080900         0.467800 
   4         0.000000       -63.068000         0.480700 
   5         0.000000       -63.318600         0.230100 
   6         0.000000       -63.539500         0.009200 
Li-S-c-1.6-v-1.14
   0         0.000000       -87.127800         0.000000 
   1         0.000000       -87.075400         0.052400 
   2         0.000000       -86.934200         0.193600 
   3         0.000000       -86.784700         0.343100 
   4         0.000000       -86.792500         0.335300 
   5         0.000000       -87.020700         0.107100 
   6         0.000000       -87.218100        -0.090300 
Li-S-c-1.6-v-1.16
   0         0.000000      -108.448500         0.000000 
   1         0.000000      -108.416200         0.032300 
   2         0.000000      -108.320200         0.128300 
   3         0.000000      -108.218900         0.229600 
   4         0.000000      -108.245200         0.203300 
   5         0.000000      -108.452900        -0.004400 
   6         0.000000      -108.629700        -0.181200 
Li-S-c-1.6-v-1.18
   0         0.000000      -128.362700         0.000000 
   1         0.000000      -128.347700         0.015000 
   2         0.000000      -128.294100         0.068600 
   3         0.000000      -128.237200         0.125500 
   4         0.000000      -128.279500         0.083200 
   5         0.000000      -128.469500        -0.106800 
   6         0.000000      -128.625300        -0.262600 
Li-S-c-1.6-v-1.20
   0         0.000000      -146.255600         0.000000 
   1         0.000000      -146.254800         0.000800 
   2         0.000000      -146.240600         0.015000 
   3         0.000000      -146.223600         0.032000 
   4         0.000000      -146.280700        -0.025100 
   5         0.000000      -146.452800        -0.197200 
   6         0.000000      -146.592000        -0.336400 
Li-S-c-1.6-v-1.22
   0         0.000000      -162.881100         0.000000 
   1         0.000000      -162.893600        -0.012500 
   2         0.000000      -162.913900        -0.032800 
   3         0.000000      -162.933800        -0.052700 
   4         0.000000      -163.004800        -0.123700 
   5         0.000000      -163.161500        -0.280400 
   6         0.000000      -163.283500        -0.402400 
Li-S-c-1.6-v-1.24
   0         0.000000      -177.980900         0.000000 
   1         0.000000      -178.005400        -0.024500 
   2         0.000000      -178.058100        -0.077200 
   3         0.000000      -178.111100        -0.130200 
   4         0.000000      -178.194300        -0.213400 
   5         0.000000      -178.336500        -0.355600 
   6         0.000000      -178.442900        -0.462000 
Li-S-c-1.6-v-1.26
   0         0.000000      -191.866200         0.000000 
   1         0.000000      -191.901800        -0.035600 
   2         0.000000      -191.982700        -0.116500 
   3         0.000000      -192.066000        -0.199800 
   4         0.000000      -192.160200        -0.294000 
   5         0.000000      -192.289100        -0.422900 
   6         0.000000      -192.381700        -0.515500 
Li-S-c-1.6-v-1.28
   0         0.000000      -204.635300         0.000000 
   1         0.000000      -204.680500        -0.045200 
   2         0.000000      -204.786100        -0.150800 
   3         0.000000      -204.897900        -0.262600 
   4         0.000000      -205.000900        -0.365600 
   5         0.000000      -205.119200        -0.483900 
   6         0.000000      -205.198700        -0.563400 
Li-S-c-1.6-v-1.30
   0         0.000000      -216.366600         0.000000 
   1         0.000000      -216.417900        -0.051300 
   2         0.000000      -216.552600        -0.186000 
   3         0.000000      -216.686000        -0.319400 
   4         0.000000      -216.796500        -0.429900 
   5         0.000000      -216.903600        -0.537000 
   6         0.000000      -216.974300        -0.607700 
Li-S-c-1.6-v-1.32
   0         0.000000      -227.120800         0.000000 
   1         0.000000      -227.186400        -0.065600 
   2         0.000000      -227.326600        -0.205800 
   3         0.000000      -227.494000        -0.373200 
   4         0.000000      -227.605000        -0.484200 
   5         0.000000      -227.704900        -0.584100 
   6         0.000000      -227.766500        -0.645700 
Li-S-c-1.6-v-1.34
   0         0.000000      -237.001000         0.000000 
   1         0.000000      -237.067800        -0.066800 
   2         0.000000      -237.233900        -0.232900 
   3         0.000000      -237.403700        -0.402700 
   4         0.000000      -237.534000        -0.533000 
   5         0.000000      -237.628300        -0.627300 
   6         0.000000      -237.681400        -0.680400 
Li-S-c-1.7-v-1.08
   0         0.000000         0.477800         0.000000 
   1         0.000000         0.593000         0.115200 
   2         0.000000         0.901300         0.423500 
   3         0.000000         1.223200         0.745400 
   4         0.000000         1.273800         0.796000 
   5         0.000000         0.965300         0.487500 
   6         0.000000         0.686300         0.208500 
Li-S-c-1.7-v-1.10
   0         0.000000       -30.169700         0.000000 
   1         0.000000       -30.078200         0.091500 
   2         0.000000       -29.831200         0.338500 
   3         0.000000       -29.528000         0.641700 
   4         0.000000       -29.547300         0.622400 
   5         0.000000       -29.829000         0.340700 
   6         0.000000       -30.079800         0.089900 
Li-S-c-1.7-v-1.12
   0         0.000000       -58.038700         0.000000 
   1         0.000000       -57.967800         0.070900 
   2         0.000000       -57.777900         0.260800 
   3         0.000000       -57.751000         0.287700 
   4         0.000000       -57.574900         0.463800 
   5         0.000000       -57.832200         0.206500 
   6         0.000000       -58.056200        -0.017500 
Li-S-c-1.7-v-1.14
   0         0.000000       -83.492900         0.000000 
   1         0.000000       -83.441400         0.051500 
   2         0.000000       -83.302300         0.190600 
   3         0.000000       -83.158000         0.334900 
   4         0.000000       -83.173000         0.319900 
   5         0.000000       -83.407600         0.085300 
   6         0.000000       -83.608000        -0.115100 
Li-S-c-1.7-v-1.16
   0         0.000000      -106.535300         0.000000 
   1         0.000000      -106.503700         0.031600 
   2         0.000000      -106.409600         0.125700 
   3         0.000000      -106.312800         0.222500 
   4         0.000000      -106.345800         0.189500 
   5         0.000000      -106.559800        -0.024500 
   6         0.000000      -106.739400        -0.204100 
Li-S-c-1.7-v-1.18
   0         0.000000      -128.037600         0.000000 
   1         0.000000      -128.023100         0.014500 
   2         0.000000      -127.971000         0.066600 
   3         0.000000      -127.972400         0.065200 
   4         0.000000      -127.966800         0.070800 
   5         0.000000      -128.162700        -0.125100 
   6         0.000000      -128.321300        -0.283700 
Li-S-c-1.7-v-1.20
   0         0.000000      -147.386200         0.000000 
   1         0.000000      -147.385600         0.000600 
   2         0.000000      -147.372200         0.014000 
   3         0.000000      -147.423000        -0.036800 
   4         0.000000      -147.422200        -0.036000 
   5         0.000000      -147.600000        -0.213800 
   6         0.000000      -147.741800        -0.355600 
Li-S-c-1.7-v-1.22
   0         0.000000      -165.351700         0.000000 
   1         0.000000      -165.364300        -0.012600 
   2         0.000000      -165.385500        -0.033800 
   3         0.000000      -165.408800        -0.057100 
   4         0.000000      -165.484600        -0.132900 
   5         0.000000      -165.647300        -0.295600 
   6         0.000000      -165.772000        -0.420300 
Li-S-c-1.7-v-1.24
   0         0.000000      -181.681300         0.000000 
   1         0.000000      -181.706300        -0.025000 
   2         0.000000      -181.759100        -0.077800 
   3         0.000000      -181.956500        -0.275200 
   4         0.000000      -181.903000        -0.221700 
   5         0.000000      -182.051000        -0.369700 
   6         0.000000      -182.159800        -0.478500 
Li-S-c-1.7-v-1.26
   0         0.000000      -196.696600         0.000000 
   1         0.000000      -196.732700        -0.036100 
   2         0.000000      -196.812900        -0.116300 
   3         0.000000      -196.898400        -0.201800 
   4         0.000000      -196.993900        -0.297300 
   5         0.000000      -197.131900        -0.435300 
   6         0.000000      -197.227300        -0.530700 
Li-S-c-1.7-v-1.28
   0         0.000000      -210.502700         0.000000 
   1         0.000000      -210.547400        -0.044700 
   2         0.000000      -210.650700        -0.148000 
   3         0.000000      -210.765100        -0.262400 
   4         0.000000      -210.861300        -0.358600 
   5         0.000000      -210.990600        -0.487900 
   6         0.000000      -211.080400        -0.577700 
Li-S-c-1.7-v-1.30
   0         0.000000      -223.185200         0.000000 
   1         0.000000      -223.239000        -0.053800 
   2         0.000000      -223.363300        -0.178100 
   3         0.000000      -223.507400        -0.322200 
   4         0.000000      -223.621600        -0.436400 
   5         0.000000      -223.731600        -0.546400 
   6         0.000000      -223.806600        -0.621400 
Li-S-c-1.7-v-1.32
   0         0.000000      -234.811300         0.000000 
   1         0.000000      -234.868300        -0.057000 
   2         0.000000      -235.019600        -0.208300 
   3         0.000000      -235.183100        -0.371800 
   4         0.000000      -235.298600        -0.487300 
   5         0.000000      -235.411600        -0.600300 
   6         0.000000      -235.469800        -0.658500 
Li-S-c-1.7-v-1.34
   0         0.000000      -245.490400         0.000000 
   1         0.000000      -245.550400        -0.060000 
   2         0.000000      -245.716000        -0.225600 
   3         0.000000      -246.092000        -0.601600 
   4         0.000000      -246.045100        -0.554700 
   5         0.000000      -246.131900        -0.641500 
   6         0.000000      -246.182200        -0.691800 
Li-S-c-1.8-v-1.08
   0         0.000000        10.903100         0.000000 
   1         0.000000        11.019800         0.116700 
   2         0.000000        11.332300         0.429200 
   3         0.000000        11.636600         0.733500 
   4         0.000000        11.707200         0.804100 
   5         0.000000        11.393900         0.490800 
   6         0.000000        11.113300         0.210200 
Li-S-c-1.8-v-1.10
   0         0.000000       -21.987900         0.000000 
   1         0.000000       -21.894600         0.093300 
   2         0.000000       -21.643300         0.344600 
   3         0.000000       -21.349000         0.638900 
   4         0.000000       -21.356600         0.631300 
   5         0.000000       -21.642800         0.345100 
   6         0.000000       -21.895300         0.092600 
Li-S-c-1.8-v-1.12
   0         0.000000       -51.917600         0.000000 
   1         0.000000       -51.844800         0.072800 
   2         0.000000       -51.650300         0.267300 
   3         0.000000       -51.595600         0.322000 
   4         0.000000       -51.444100         0.473500 
   5         0.000000       -51.705900         0.211700 
   6         0.000000       -51.931600        -0.014000 
Li-S-c-1.8-v-1.14
   0         0.000000       -79.265300         0.000000 
   1         0.000000       -79.211700         0.053600 
   2         0.000000       -79.067700         0.197600 
   3         0.000000       -78.918900         0.346400 
   4         0.000000       -78.935000         0.330300 
   5         0.000000       -79.174100         0.091200 
   6         0.000000       -79.376400        -0.111100 
Li-S-c-1.8-v-1.16
   0         0.000000      -104.045100         0.000000 
   1         0.000000      -104.011500         0.033600 
   2         0.000000      -103.912300         0.132800 
   3         0.000000      -103.810900         0.234200 
   4         0.000000      -103.845100         0.200000 
   5         0.000000      -104.063600        -0.018500 
   6         0.000000      -104.245100        -0.200000 
Li-S-c-1.8-v-1.18
   0         0.000000      -127.118400         0.000000 
   1         0.000000      -127.100900         0.017500 
   2         0.000000      -127.044300         0.074100 
   3         0.000000      -127.028500         0.089900 
   4         0.000000      -127.038000         0.080400 
   5         0.000000      -127.237500        -0.119100 
   6         0.000000      -127.398500        -0.280100 
Li-S-c-1.8-v-1.20
   0         0.000000      -147.965200         0.000000 
   1         0.000000      -147.966300        -0.001100 
   2         0.000000      -147.945900         0.019300 
   3         0.000000      -147.925200         0.040000 
   4         0.000000      -147.990600        -0.025400 
   5         0.000000      -148.173700        -0.208500 
   6         0.000000      -148.316700        -0.351500 
Li-S-c-1.8-v-1.22
   0         0.000000      -167.281200         0.000000 
   1         0.000000      -167.291400        -0.010200 
   2         0.000000      -167.311900        -0.030700 
   3         0.000000      -167.328400        -0.047200 
   4         0.000000      -167.404100        -0.122900 
   5         0.000000      -167.570800        -0.289600 
   6         0.000000      -167.697200        -0.416000 
Li-S-c-1.8-v-1.24
   0         0.000000      -184.850000         0.000000 
   1         0.000000      -184.875100        -0.025100 
   2         0.000000      -184.924700        -0.074700 
   3         0.000000      -184.969700        -0.119700 
   4         0.000000      -185.060400        -0.210400 
   5         0.000000      -185.214900        -0.364900 
   6         0.000000      -185.323900        -0.473900 
Li-S-c-1.8-v-1.26
   0         0.000000      -201.003800         0.000000 
   1         0.000000      -201.038200        -0.034400 
   2         0.000000      -201.121600        -0.117800 
   3         0.000000      -201.266100        -0.262300 
   4         0.000000      -201.292400        -0.288600 
   5         0.000000      -201.431700        -0.427900 
   6         0.000000      -201.529700        -0.525900 
Li-S-c-1.8-v-1.28
   0         0.000000      -215.855300         0.000000 
   1         0.000000      -215.903000        -0.047700 
   2         0.000000      -215.995700        -0.140400 
   3         0.000000      -215.862600        -0.007300 
   4         0.000000      -216.214800        -0.359500 
   5         0.000000      -216.336800        -0.481500 
   6         0.000000      -216.427800        -0.572500 
Li-S-c-1.8-v-1.30
   0         0.000000      -229.497200         0.000000 
   1         0.000000      -229.551900        -0.054700 
   2         0.000000      -229.672600        -0.175400 
   3         0.000000      -229.802900        -0.305700 
   4         0.000000      -229.918300        -0.421100 
   5         0.000000      -230.041100        -0.543900 
   6         0.000000      -230.113200        -0.616000 
Li-S-c-1.8-v-1.32
   0         0.000000      -242.002900         0.000000 
   1         0.000000      -242.056100        -0.053200 
   2         0.000000      -242.204100        -0.201200 
   3         0.000000      -242.354100        -0.351200 
   4         0.000000      -242.478900        -0.476000 
   5         0.000000      -242.587500        -0.584600 
   6         0.000000      -242.655700        -0.652800 
Li-S-c-1.8-v-1.34
   0         0.000000      -253.488100         0.000000 
   1         0.000000      -253.543400        -0.055300 
   2         0.000000      -253.709800        -0.221700 
   3         0.000000      -253.883800        -0.395700 
   4         0.000000      -254.010600        -0.522500 
   5         0.000000      -254.123900        -0.635800 
   6         0.000000      -254.174200        -0.686100 
