Li-O-c-.5-v-.84
   0         0.000000      -148.646000         0.000000 
   1         0.000000      -148.432800         0.213200 
   2         0.000000      -147.891100         0.754900 
   3         0.000000      -147.319800         1.326200 
   4         0.000000      -147.095600         1.550400 
   5         0.000000      -147.341300         1.304700 
   6         0.000000      -147.634100         1.011900 
Li-O-c-.5-v-.86
   0         0.000000      -153.752400         0.000000 
   1         0.000000      -153.573500         0.178900 
   2         0.000000      -153.121200         0.631200 
   3         0.000000      -152.643200         1.109200 
   4         0.000000      -152.460300         1.292100 
   5         0.000000      -152.683500         1.068900 
   6         0.000000      -152.941800         0.810600 
Li-O-c-.5-v-.88
   0         0.000000      -158.011800         0.000000 
   1         0.000000      -157.863900         0.147900 
   2         0.000000      -157.490200         0.521600 
   3         0.000000      -157.094000         0.917800 
   4         0.000000      -156.948400         1.063400 
   5         0.000000      -157.150800         0.861000 
   6         0.000000      -157.378100         0.633700 
Li-O-c-.5-v-.90
   0         0.000000      -161.500700         0.000000 
   1         0.000000      -161.381900         0.118800 
   2         0.000000      -161.078100         0.422600 
   3         0.000000      -160.754100         0.746600 
   4         0.000000      -160.640800         0.859900 
   5         0.000000      -160.823900         0.676800 
   6         0.000000      -161.024800         0.475900 
Li-O-c-.5-v-.92
   0         0.000000      -164.285400         0.000000 
   1         0.000000      -164.191800         0.093600 
   2         0.000000      -163.950100         0.335300 
   3         0.000000      -163.691100         0.594300 
   4         0.000000      -163.606700         0.678700 
   5         0.000000      -163.771600         0.513800 
   6         0.000000      -163.947500         0.337900 
Li-O-c-.5-v-.94
   0         0.000000      -166.648900         0.000000 
   1         0.000000      -166.578500         0.070400 
   2         0.000000      -166.392800         0.256100 
   3         0.000000      -166.191700         0.457200 
   4         0.000000      -166.132700         0.516200 
   5         0.000000      -166.281100         0.367800 
   6         0.000000      -166.434900         0.214000 
Li-O-c-.5-v-.96
   0         0.000000      -168.589300         0.000000 
   1         0.000000      -168.539400         0.049900 
   2         0.000000      -168.403900         0.185400 
   3         0.000000      -168.253900         0.335400 
   4         0.000000      -168.217500         0.371800 
   5         0.000000      -168.351000         0.238300 
   6         0.000000      -168.484500         0.104800 
Li-O-c-.5-v-.98
   0         0.000000      -169.955700         0.000000 
   1         0.000000      -169.924800         0.030900 
   2         0.000000      -169.833900         0.121800 
   3         0.000000      -169.729900         0.225800 
   4         0.000000      -169.713300         0.242400 
   5         0.000000      -169.830600         0.125100 
   6         0.000000      -169.949200         0.006500 
Li-O-c-.5-v-1.00
   0         0.000000      -171.224300         0.000000 
   1         0.000000      -171.207300         0.017000 
   2         0.000000      -171.160100         0.064200 
   3         0.000000      -171.097000         0.127300 
   4         0.000000      -171.097700         0.126600 
   5         0.000000      -171.204000         0.020300 
   6         0.000000      -171.303400        -0.079100 
Li-O-c-.5-v-1.02
   0         0.000000      -172.219400         0.000000 
   1         0.000000      -172.217400         0.002000 
   2         0.000000      -172.205400         0.014000 
   3         0.000000      -172.176700         0.042700 
   4         0.000000      -172.194200         0.025200 
   5         0.000000      -172.290800        -0.071400 
   6         0.000000      -172.374700        -0.155300 
Li-O-c-.5-v-1.04
   0         0.000000      -173.034500         0.000000 
   1         0.000000      -173.048100        -0.013600 
   2         0.000000      -173.065500        -0.031000 
   3         0.000000      -173.072000        -0.037500 
   4         0.000000      -173.104000        -0.069500 
   5         0.000000      -173.187500        -0.153000 
   6         0.000000      -173.257500        -0.223000 
Li-O-c-.5-v-1.06
   0         0.000000      -173.759400         0.000000 
   1         0.000000      -173.781800        -0.022400 
   2         0.000000      -173.828200        -0.068800 
   3         0.000000      -173.864300        -0.104900 
   4         0.000000      -173.908400        -0.149000 
   5         0.000000      -173.979200        -0.219800 
   6         0.000000      -174.038900        -0.279500 
Li-O-c-.6-v-.84
   0         0.000000      -157.881600         0.000000 
   1         0.000000      -157.674000         0.207600 
   2         0.000000      -157.143100         0.738500 
   3         0.000000      -156.580000         1.301600 
   4         0.000000      -156.365000         1.516600 
   5         0.000000      -156.620600         1.261000 
   6         0.000000      -156.918200         0.963400 
Li-O-c-.6-v-.86
   0         0.000000      -165.149800         0.000000 
   1         0.000000      -164.976700         0.173100 
   2         0.000000      -164.535800         0.614000 
   3         0.000000      -164.067200         1.082600 
   4         0.000000      -163.893300         1.256500 
   5         0.000000      -164.125400         1.024400 
   6         0.000000      -164.387900         0.761900 
Li-O-c-.6-v-.88
   0         0.000000      -171.337600         0.000000 
   1         0.000000      -171.195700         0.141900 
   2         0.000000      -170.833800         0.503800 
   3         0.000000      -170.448000         0.889600 
   4         0.000000      -170.311300         1.026300 
   5         0.000000      -170.521600         0.816000 
   6         0.000000      -170.752400         0.585200 
Li-O-c-.6-v-.90
   0         0.000000      -176.547300         0.000000 
   1         0.000000      -176.434000         0.113300 
   2         0.000000      -176.142400         0.404900 
   3         0.000000      -175.829600         0.717700 
   4         0.000000      -175.725100         0.822200 
   5         0.000000      -175.915100         0.632200 
   6         0.000000      -176.118900         0.428400 
Li-O-c-.6-v-.92
   0         0.000000      -180.868000         0.000000 
   1         0.000000      -180.779600         0.088400 
   2         0.000000      -180.550000         0.318000 
   3         0.000000      -180.302700         0.565300 
   4         0.000000      -180.227300         0.640700 
   5         0.000000      -180.398400         0.469600 
   6         0.000000      -180.576500         0.291500 
Li-O-c-.6-v-.94
   0         0.000000      -184.606700         0.000000 
   1         0.000000      -184.541600         0.065100 
   2         0.000000      -184.368000         0.238700 
   3         0.000000      -184.400000         0.206700 
   4         0.000000      -184.128700         0.478000 
   5         0.000000      -184.282800         0.323900 
   6         0.000000      -184.438400         0.168300 
Li-O-c-.6-v-.96
   0         0.000000      -187.773000         0.000000 
   1         0.000000      -187.728000         0.045000 
   2         0.000000      -187.604600         0.168400 
   3         0.000000      -187.467000         0.306000 
   4         0.000000      -187.439400         0.333600 
   5         0.000000      -187.577600         0.195400 
   6         0.000000      -187.712600         0.060400 
Li-O-c-.6-v-.98
   0         0.000000      -190.230700         0.000000 
   1         0.000000      -190.205500         0.025200 
   2         0.000000      -190.126900         0.103800 
   3         0.000000      -190.035400         0.195300 
   4         0.000000      -190.027000         0.203700 
   5         0.000000      -190.150400         0.080300 
   6         0.000000      -190.268000        -0.037300 
Li-O-c-.6-v-1.00
   0         0.000000      -192.470300         0.000000 
   1         0.000000      -192.462200         0.008100 
   2         0.000000      -192.423100         0.047200 
   3         0.000000      -192.372800         0.097500 
   4         0.000000      -192.382500         0.087800 
   5         0.000000      -192.492500        -0.022200 
   6         0.000000      -192.592000        -0.121700 
Li-O-c-.6-v-1.02
   0         0.000000      -194.326000         0.000000 
   1         0.000000      -194.332100        -0.006100 
   2         0.000000      -194.329300        -0.003300 
   3         0.000000      -194.316100         0.009900 
   4         0.000000      -194.341300        -0.015300 
   5         0.000000      -194.439300        -0.113300 
   6         0.000000      -194.523500        -0.197500 
Li-O-c-.6-v-1.04
   0         0.000000      -195.907000         0.000000 
   1         0.000000      -195.926000        -0.019000 
   2         0.000000      -195.955700        -0.048700 
   3         0.000000      -195.975300        -0.068300 
   4         0.000000      -196.014800        -0.107800 
   5         0.000000      -196.101700        -0.194700 
   6         0.000000      -196.171600        -0.264600 
Li-O-c-.6-v-1.06
   0         0.000000      -197.308700         0.000000 
   1         0.000000      -197.336100        -0.027400 
   2         0.000000      -197.394900        -0.086200 
   3         0.000000      -197.444500        -0.135800 
   4         0.000000      -197.496300        -0.187600 
   5         0.000000      -197.573100        -0.264400 
   6         0.000000      -197.629600        -0.320900 
Li-O-c-.7-v-.84
   0         0.000000      -165.940200         0.000000 
   1         0.000000      -165.739600         0.200600 
   2         0.000000      -165.222600         0.717600 
   3         0.000000      -164.666800         1.273400 
   4         0.000000      -164.458300         1.481900 
   5         0.000000      -164.727300         1.212900 
   6         0.000000      -165.031900         0.908300 
Li-O-c-.7-v-.86
   0         0.000000      -175.424500         0.000000 
   1         0.000000      -175.257900         0.166600 
   2         0.000000      -174.829900         0.594600 
   3         0.000000      -174.370400         1.054100 
   4         0.000000      -174.203900         1.220600 
   5         0.000000      -174.447100         0.977400 
   6         0.000000      -174.715000         0.709500 
Li-O-c-.7-v-.88
   0         0.000000      -183.545600         0.000000 
   1         0.000000      -183.409700         0.135900 
   2         0.000000      -183.060900         0.484700 
   3         0.000000      -182.685000         0.860600 
   4         0.000000      -182.556300         0.989300 
   5         0.000000      -182.775600         0.770000 
   6         0.000000      -183.010600         0.535000 
Li-O-c-.7-v-.90
   0         0.000000      -190.477600         0.000000 
   1         0.000000      -190.369900         0.107700 
   2         0.000000      -190.091300         0.386300 
   3         0.000000      -189.789600         0.688000 
   4         0.000000      -189.693400         0.784200 
   5         0.000000      -189.890900         0.586700 
   6         0.000000      -190.097900         0.379700 
Li-O-c-.7-v-.92
   0         0.000000      -196.334800         0.000000 
   1         0.000000      -196.251900         0.082900 
   2         0.000000      -196.035200         0.299600 
   3         0.000000      -195.799700         0.535100 
   4         0.000000      -195.733000         0.601800 
   5         0.000000      -195.910100         0.424700 
   6         0.000000      -196.090600         0.244200 
Li-O-c-.7-v-.94
   0         0.000000      -201.448900         0.000000 
   1         0.000000      -201.389200         0.059700 
   2         0.000000      -201.228000         0.220900 
   3         0.000000      -201.051200         0.397700 
   4         0.000000      -201.009500         0.439400 
   5         0.000000      -201.169100         0.279800 
   6         0.000000      -201.326500         0.122400 
Li-O-c-.7-v-.96
   0         0.000000      -205.839700         0.000000 
   1         0.000000      -205.800200         0.039500 
   2         0.000000      -205.688700         0.151000 
   3         0.000000      -205.563800         0.275900 
   4         0.000000      -205.545300         0.294400 
   5         0.000000      -205.688400         0.151300 
   6         0.000000      -205.824100         0.015600 
Li-O-c-.7-v-.98
   0         0.000000      -209.387400         0.000000 
   1         0.000000      -209.367300         0.020100 
   2         0.000000      -209.300500         0.086900 
   3         0.000000      -209.221300         0.166100 
   4         0.000000      -209.222300         0.165100 
   5         0.000000      -209.349400         0.038000 
   6         0.000000      -209.468300        -0.080900 
Li-O-c-.7-v-1.00
   0         0.000000      -212.595000         0.000000 
   1         0.000000      -212.591400         0.003600 
   2         0.000000      -212.564400         0.030600 
   3         0.000000      -212.526600         0.068400 
   4         0.000000      -212.545000         0.050000 
   5         0.000000      -212.658800        -0.063800 
   6         0.000000      -212.759000        -0.164000 
Li-O-c-.7-v-1.02
   0         0.000000      -215.306700         0.000000 
   1         0.000000      -215.317300        -0.010600 
   2         0.000000      -215.326200        -0.019500 
   3         0.000000      -215.325300        -0.018600 
   4         0.000000      -215.359100        -0.052400 
   5         0.000000      -215.460600        -0.153900 
   6         0.000000      -215.545300        -0.238600 
Li-O-c-.7-v-1.04
   0         0.000000      -217.648100         0.000000 
   1         0.000000      -217.671400        -0.023300 
   2         0.000000      -217.712500        -0.064400 
   3         0.000000      -217.744700        -0.096600 
   4         0.000000      -217.792500        -0.144400 
   5         0.000000      -217.882400        -0.234300 
   6         0.000000      -217.953000        -0.304900 
Li-O-c-.7-v-1.06
   0         0.000000      -219.718600         0.000000 
   1         0.000000      -219.751200        -0.032600 
   2         0.000000      -219.820300        -0.101700 
   3         0.000000      -219.882400        -0.163800 
   4         0.000000      -219.942500        -0.223900 
   5         0.000000      -220.022200        -0.303600 
   6         0.000000      -220.079100        -0.360500 
Li-O-c-.8-v-.84
   0         0.000000      -172.933900         0.000000 
   1         0.000000      -172.738600         0.195300 
   2         0.000000      -172.233200         0.700700 
   3         0.000000      -171.685400         1.248500 
   4         0.000000      -171.482700         1.451200 
   5         0.000000      -171.764500         1.169400 
   6         0.000000      -172.075000         0.858900 
Li-O-c-.8-v-.86
   0         0.000000      -184.605500         0.000000 
   1         0.000000      -184.444300         0.161200 
   2         0.000000      -184.028600         0.576900 
   3         0.000000      -183.578200         1.027300 
   4         0.000000      -183.418700         1.186800 
   5         0.000000      -183.672600         0.932900 
   6         0.000000      -183.945200         0.660300 
Li-O-c-.8-v-.88
   0         0.000000      -194.669400         0.000000 
   1         0.000000      -194.539000         0.130400 
   2         0.000000      -194.202700         0.466700 
   3         0.000000      -193.837400         0.832000 
   4         0.000000      -193.716200         0.953200 
   5         0.000000      -193.944500         0.724900 
   6         0.000000      -194.183100         0.486300 
Li-O-c-.8-v-.90
   0         0.000000      -203.331200         0.000000 
   1         0.000000      -203.229100         0.102100 
   2         0.000000      -202.963500         0.367700 
   3         0.000000      -202.672900         0.658300 
   4         0.000000      -202.584700         0.746500 
   5         0.000000      -202.789800         0.541400 
   6         0.000000      -202.999300         0.331900 
Li-O-c-.8-v-.92
   0         0.000000      -210.729900         0.000000 
   1         0.000000      -210.652900         0.077000 
   2         0.000000      -210.448400         0.281500 
   3         0.000000      -210.224600         0.505300 
   4         0.000000      -210.165800         0.564100 
   5         0.000000      -210.349600         0.380300 
   6         0.000000      -210.532100         0.197800 
Li-O-c-.8-v-.94
   0         0.000000      -217.221600         0.000000 
   1         0.000000      -217.167200         0.054400 
   2         0.000000      -217.018400         0.203200 
   3         0.000000      -216.853700         0.367900 
   4         0.000000      -216.820600         0.401000 
   5         0.000000      -216.985600         0.236000 
   6         0.000000      -217.144300         0.077300 
Li-O-c-.8-v-.96
   0         0.000000      -222.837300         0.000000 
   1         0.000000      -222.802600         0.034700 
   2         0.000000      -222.703600         0.133700 
   3         0.000000      -222.518100         0.319200 
   4         0.000000      -222.580300         0.257000 
   5         0.000000      -222.728100         0.109200 
   6         0.000000      -222.865400        -0.028100 
Li-O-c-.8-v-.98
   0         0.000000      -227.474000         0.000000 
   1         0.000000      -227.459100         0.014900 
   2         0.000000      -227.403800         0.070200 
   3         0.000000      -227.285900         0.188100 
   4         0.000000      -227.346200         0.127800 
   5         0.000000      -227.477500        -0.003500 
   6         0.000000      -227.597200        -0.123200 
Li-O-c-.8-v-1.00
   0         0.000000      -231.646300         0.000000 
   1         0.000000      -231.647100        -0.000800 
   2         0.000000      -231.631900         0.014400 
   3         0.000000      -231.606000         0.040300 
   4         0.000000      -231.632700         0.013600 
   5         0.000000      -231.750400        -0.104100 
   6         0.000000      -231.851500        -0.205200 
Li-O-c-.8-v-1.02
   0         0.000000      -235.210500         0.000000 
   1         0.000000      -235.225600        -0.015100 
   2         0.000000      -235.245800        -0.035300 
   3         0.000000      -235.168600         0.041900 
   4         0.000000      -235.298900        -0.088400 
   5         0.000000      -235.403800        -0.193300 
   6         0.000000      -235.489200        -0.278700 
Li-O-c-.8-v-1.04
   0         0.000000      -238.308000         0.000000 
   1         0.000000      -238.335600        -0.027600 
   2         0.000000      -238.387900        -0.079900 
   3         0.000000      -238.333600        -0.025600 
   4         0.000000      -238.487900        -0.179900 
   5         0.000000      -238.580800        -0.272800 
   6         0.000000      -238.651800        -0.343800 
Li-O-c-.8-v-1.06
   0         0.000000      -241.041600         0.000000 
   1         0.000000      -241.077700        -0.036100 
   2         0.000000      -241.158200        -0.116600 
   3         0.000000      -241.232200        -0.190600 
   4         0.000000      -241.300400        -0.258800 
   5         0.000000      -241.383000        -0.341400 
   6         0.000000      -241.440400        -0.398800 
Li-O-c-.9-v-.84
   0         0.000000      -178.837000         0.000000 
   1         0.000000      -178.647400         0.189600 
   2         0.000000      -178.154200         0.682800 
   3         0.000000      -177.616800         1.220200 
   4         0.000000      -177.422800         1.414200 
   5         0.000000      -177.714300         1.122700 
   6         0.000000      -178.027600         0.809400 
Li-O-c-.9-v-.86
   0         0.000000      -192.708900         0.000000 
   1         0.000000      -192.553400         0.155500 
   2         0.000000      -192.149800         0.559100 
   3         0.000000      -191.710300         0.998600 
   4         0.000000      -191.559400         1.149500 
   5         0.000000      -191.821700         0.887200 
   6         0.000000      -192.096300         0.612600 
Li-O-c-.9-v-.88
   0         0.000000      -204.726600         0.000000 
   1         0.000000      -204.601700         0.124900 
   2         0.000000      -204.277600         0.449000 
   3         0.000000      -203.923600         0.803000 
   4         0.000000      -203.811000         0.915600 
   5         0.000000      -204.046400         0.680200 
   6         0.000000      -204.286500         0.440100 
Li-O-c-.9-v-.90
   0         0.000000      -215.129400         0.000000 
   1         0.000000      -215.032500         0.096900 
   2         0.000000      -214.778700         0.350700 
   3         0.000000      -214.499900         0.629500 
   4         0.000000      -214.420300         0.709100 
   5         0.000000      -214.631600         0.497800 
   6         0.000000      -214.842300         0.287100 
Li-O-c-.9-v-.92
   0         0.000000      -224.078400         0.000000 
   1         0.000000      -224.006100         0.072300 
   2         0.000000      -223.813700         0.264700 
   3         0.000000      -223.601600         0.476800 
   4         0.000000      -223.551500         0.526900 
   5         0.000000      -223.740700         0.337700 
   6         0.000000      -223.924200         0.154200 
Li-O-c-.9-v-.94
   0         0.000000      -232.069600         0.000000 
   1         0.000000      -232.020000         0.049600 
   2         0.000000      -231.883300         0.186300 
   3         0.000000      -231.730200         0.339400 
   4         0.000000      -231.705500         0.364100 
   5         0.000000      -231.875100         0.194500 
   6         0.000000      -232.034900         0.034700 
Li-O-c-.9-v-.96
   0         0.000000      -238.800000         0.000000 
   1         0.000000      -238.770400         0.029600 
   2         0.000000      -238.682500         0.117500 
   3         0.000000      -238.581400         0.218600 
   4         0.000000      -238.579400         0.220600 
   5         0.000000      -238.731500         0.068500 
   6         0.000000      -238.869400        -0.069400 
Li-O-c-.9-v-.98
   0         0.000000      -244.528300         0.000000 
   1         0.000000      -244.517700         0.010600 
   2         0.000000      -244.473900         0.054400 
   3         0.000000      -244.418600         0.109700 
   4         0.000000      -244.436200         0.092100 
   5         0.000000      -244.571600        -0.043300 
   6         0.000000      -244.691800        -0.163500 
Li-O-c-.9-v-1.00
   0         0.000000      -249.753000         0.000000 
   1         0.000000      -249.757300        -0.004300 
   2         0.000000      -249.753400        -0.000400 
   3         0.000000      -249.741800         0.011200 
   4         0.000000      -249.774400        -0.021400 
   5         0.000000      -249.895600        -0.142600 
   6         0.000000      -249.997000        -0.244000 
Li-O-c-.9-v-1.02
   0         0.000000      -254.082400         0.000000 
   1         0.000000      -254.101700        -0.019300 
   2         0.000000      -254.132600        -0.050200 
   3         0.000000      -254.155200        -0.072800 
   4         0.000000      -254.205300        -0.122900 
   5         0.000000      -254.313300        -0.230900 
   6         0.000000      -254.399200        -0.316800 
Li-O-c-.9-v-1.04
   0         0.000000      -257.934500         0.000000 
   1         0.000000      -257.966000        -0.031500 
   2         0.000000      -258.028500        -0.094000 
   3         0.000000      -258.006600        -0.072100 
   4         0.000000      -258.148500        -0.214000 
   5         0.000000      -258.244200        -0.309700 
   6         0.000000      -258.315400        -0.380900 
Li-O-c-.9-v-1.06
   0         0.000000      -261.328300         0.000000 
   1         0.000000      -261.368800        -0.040500 
   2         0.000000      -261.459200        -0.130900 
   3         0.000000      -261.544200        -0.215900 
   4         0.000000      -261.621700        -0.293400 
   5         0.000000      -261.705900        -0.377600 
   6         0.000000      -261.763500        -0.435200 
Li-O-c-1.0-v-.84
   0         0.000000      -183.653000         0.000000 
   1         0.000000      -183.469000         0.184000 
   2         0.000000      -182.985900         0.667100 
   3         0.000000      -182.455800         1.197200 
   4         0.000000      -182.269400         1.383600 
   5         0.000000      -182.568100         1.084900 
   6         0.000000      -182.883500         0.769500 
Li-O-c-1.0-v-.86
   0         0.000000      -199.744800         0.000000 
   1         0.000000      -199.594500         0.150300 
   2         0.000000      -199.201200         0.543600 
   3         0.000000      -198.770400         0.974400 
   4         0.000000      -198.627500         1.117300 
   5         0.000000      -198.895900         0.848900 
   6         0.000000      -199.172100         0.572700 
Li-O-c-1.0-v-.88
   0         0.000000      -213.732900         0.000000 
   1         0.000000      -213.613300         0.119600 
   2         0.000000      -213.299400         0.433500 
   3         0.000000      -212.954900         0.778000 
   4         0.000000      -212.850600         0.882300 
   5         0.000000      -213.091200         0.641700 
   6         0.000000      -213.332500         0.400400 
Li-O-c-1.0-v-.90
   0         0.000000      -225.891200         0.000000 
   1         0.000000      -225.799100         0.092100 
   2         0.000000      -225.555800         0.335400 
   3         0.000000      -225.286800         0.604400 
   4         0.000000      -225.215300         0.675900 
   5         0.000000      -225.431500         0.459700 
   6         0.000000      -225.643200         0.248000 
Li-O-c-1.0-v-.92
   0         0.000000      -236.401500         0.000000 
   1         0.000000      -236.333500         0.068000 
   2         0.000000      -236.151500         0.250000 
   3         0.000000      -235.950000         0.451500 
   4         0.000000      -235.908000         0.493500 
   5         0.000000      -236.101500         0.300000 
   6         0.000000      -236.285900         0.115600 
Li-O-c-1.0-v-.94
   0         0.000000      -245.669600         0.000000 
   1         0.000000      -245.625100         0.044500 
   2         0.000000      -245.498300         0.171300 
   3         0.000000      -245.355700         0.313900 
   4         0.000000      -245.338900         0.330700 
   5         0.000000      -245.512300         0.157300 
   6         0.000000      -245.672800        -0.003200 
Li-O-c-1.0-v-.96
   0         0.000000      -253.753200         0.000000 
   1         0.000000      -253.727800         0.025400 
   2         0.000000      -253.650600         0.102600 
   3         0.000000      -253.559700         0.193500 
   4         0.000000      -253.565700         0.187500 
   5         0.000000      -253.721600         0.031600 
   6         0.000000      -253.860000        -0.106800 
Li-O-c-1.0-v-.98
   0         0.000000      -260.696900         0.000000 
   1         0.000000      -260.689600         0.007300 
   2         0.000000      -260.656300         0.040600 
   3         0.000000      -260.612100         0.084800 
   4         0.000000      -260.637400         0.059500 
   5         0.000000      -260.776800        -0.079900 
   6         0.000000      -260.896300        -0.199400 
Li-O-c-1.0-v-1.00
   0         0.000000      -266.687300         0.000000 
   1         0.000000      -266.696200        -0.008900 
   2         0.000000      -266.701900        -0.014600 
   3         0.000000      -266.698400        -0.011100 
   4         0.000000      -266.741200        -0.053900 
   5         0.000000      -266.866100        -0.178800 
   6         0.000000      -266.967800        -0.280500 
Li-O-c-1.0-v-1.02
   0         0.000000      -271.960000         0.000000 
   1         0.000000      -271.983200        -0.023200 
   2         0.000000      -272.023700        -0.063700 
   3         0.000000      -272.057100        -0.097100 
   4         0.000000      -272.115000        -0.155000 
   5         0.000000      -272.226300        -0.266300 
   6         0.000000      -272.312700        -0.352700 
Li-O-c-1.0-v-1.04
   0         0.000000      -276.568900         0.000000 
   1         0.000000      -276.604200        -0.035300 
   2         0.000000      -276.676300        -0.107400 
   3         0.000000      -276.742700        -0.173800 
   4         0.000000      -276.813900        -0.245000 
   5         0.000000      -276.913100        -0.344200 
   6         0.000000      -276.984800        -0.415900 
Li-O-c-1.0-v-1.06
   0         0.000000      -280.623700         0.000000 
   1         0.000000      -280.667500        -0.043800 
   2         0.000000      -280.767500        -0.143800 
   3         0.000000      -280.863400        -0.239700 
   4         0.000000      -280.946900        -0.323200 
   5         0.000000      -281.036000        -0.412300 
   6         0.000000      -281.093500        -0.469800 
Li-O-c-1.1-v-.84
   0         0.000000      -187.402000         0.000000 
   1         0.000000      -187.222500         0.179500 
   2         0.000000      -186.747800         0.654200 
   3         0.000000      -186.224700         1.177300 
   4         0.000000      -186.046600         1.355400 
   5         0.000000      -186.352400         1.049600 
   6         0.000000      -186.670100         0.731900 
Li-O-c-1.1-v-.86
   0         0.000000      -205.731600         0.000000 
   1         0.000000      -205.585700         0.145900 
   2         0.000000      -205.200900         0.530700 
   3         0.000000      -204.777900         0.953700 
   4         0.000000      -204.643200         1.088400 
   5         0.000000      -204.917800         0.813800 
   6         0.000000      -205.195700         0.535900 
Li-O-c-1.1-v-.88
   0         0.000000      -221.705400         0.000000 
   1         0.000000      -221.590000         0.115400 
   2         0.000000      -221.284900         0.420500 
   3         0.000000      -220.949000         0.756400 
   4         0.000000      -220.852800         0.852600 
   5         0.000000      -221.098900         0.606500 
   6         0.000000      -221.341600         0.363800 
Li-O-c-1.1-v-.90
   0         0.000000      -235.632400         0.000000 
   1         0.000000      -235.544500         0.087900 
   2         0.000000      -235.310000         0.322400 
   3         0.000000      -235.050400         0.582000 
   4         0.000000      -234.986900         0.645500 
   5         0.000000      -235.207900         0.424500 
   6         0.000000      -235.420700         0.211700 
Li-O-c-1.1-v-.92
   0         0.000000      -247.716400         0.000000 
   1         0.000000      -247.653600         0.062800 
   2         0.000000      -247.480000         0.236400 
   3         0.000000      -247.288000         0.428400 
   4         0.000000      -247.254100         0.462300 
   5         0.000000      -247.452300         0.264100 
   6         0.000000      -247.637200         0.079200 
Li-O-c-1.1-v-.94
   0         0.000000      -258.386800         0.000000 
   1         0.000000      -258.346200         0.040600 
   2         0.000000      -258.228400         0.158400 
   3         0.000000      -258.096000         0.290800 
   4         0.000000      -258.088000         0.298800 
   5         0.000000      -258.265000         0.121800 
   6         0.000000      -258.425900        -0.039100 
Li-O-c-1.1-v-.96
   0         0.000000      -267.718500         0.000000 
   1         0.000000      -267.697200         0.021300 
   2         0.000000      -267.628900         0.089600 
   3         0.000000      -267.548500         0.170000 
   4         0.000000      -267.562600         0.155900 
   5         0.000000      -267.722100        -0.003600 
   6         0.000000      -267.861000        -0.142500 
Li-O-c-1.1-v-.98
   0         0.000000      -275.652700         0.000000 
   1         0.000000      -275.650500         0.002200 
   2         0.000000      -275.625900         0.026800 
   3         0.000000      -275.597400         0.055300 
   4         0.000000      -275.624900         0.027800 
   5         0.000000      -275.768100        -0.115400 
   6         0.000000      -275.888400        -0.235700 
Li-O-c-1.1-v-1.00
   0         0.000000      -282.738400         0.000000 
   1         0.000000      -282.751400        -0.013000 
   2         0.000000      -282.766400        -0.028000 
   3         0.000000      -282.979000        -0.240600 
   4         0.000000      -282.823500        -0.085100 
   5         0.000000      -282.951200        -0.212800 
   6         0.000000      -283.053600        -0.315200 
Li-O-c-1.1-v-1.02
   0         0.000000      -288.971700         0.000000 
   1         0.000000      -288.997700        -0.026000 
   2         0.000000      -289.047500        -0.075800 
   3         0.000000      -289.091500        -0.119800 
   4         0.000000      -289.157300        -0.185600 
   5         0.000000      -289.271700        -0.300000 
   6         0.000000      -289.357500        -0.385800 
Li-O-c-1.1-v-1.04
   0         0.000000      -294.247300         0.000000 
   1         0.000000      -294.286000        -0.038700 
   2         0.000000      -294.366700        -0.119400 
   3         0.000000      -294.739700        -0.492400 
   4         0.000000      -294.522300        -0.275000 
   5         0.000000      -294.625000        -0.377700 
   6         0.000000      -294.696100        -0.448800 
Li-O-c-1.1-v-1.06
   0         0.000000      -298.968100         0.000000 
   1         0.000000      -299.015200        -0.047100 
   2         0.000000      -299.123800        -0.155700 
   3         0.000000      -299.229500        -0.261400 
   4         0.000000      -299.320500        -0.352400 
   5         0.000000      -299.411500        -0.443400 
   6         0.000000      -299.470100        -0.502000 
Li-O-c-1.2-v-.84
   0         0.000000      -190.076500         0.000000 
   1         0.000000      -189.902000         0.174500 
   2         0.000000      -189.438500         0.638000 
   3         0.000000      -188.925500         1.151000 
   4         0.000000      -188.756700         1.319800 
   5         0.000000      -189.072600         1.003900 
   6         0.000000      -189.393700         0.682800 
Li-O-c-1.2-v-.86
   0         0.000000      -210.666700         0.000000 
   1         0.000000      -210.525900         0.140800 
   2         0.000000      -210.152400         0.514300 
   3         0.000000      -209.740000         0.926700 
   4         0.000000      -209.614400         1.052300 
   5         0.000000      -209.897700         0.769000 
   6         0.000000      -210.178300         0.488400 
Li-O-c-1.2-v-.88
   0         0.000000      -228.647800         0.000000 
   1         0.000000      -228.537600         0.110200 
   2         0.000000      -228.243500         0.404300 
   3         0.000000      -227.918300         0.729500 
   4         0.000000      -227.831400         0.816400 
   5         0.000000      -228.085000         0.562800 
   6         0.000000      -228.329500         0.318300 
Li-O-c-1.2-v-.90
   0         0.000000      -244.362200         0.000000 
   1         0.000000      -244.279000         0.083200 
   2         0.000000      -244.055400         0.306800 
   3         0.000000      -243.806800         0.555400 
   4         0.000000      -243.752600         0.609600 
   5         0.000000      -243.980100         0.382100 
   6         0.000000      -244.194100         0.168100 
Li-O-c-1.2-v-.92
   0         0.000000      -258.038000         0.000000 
   1         0.000000      -257.978700         0.059300 
   2         0.000000      -257.816600         0.221400 
   3         0.000000      -257.632900         0.405100 
   4         0.000000      -257.610600         0.427400 
   5         0.000000      -257.814300         0.223700 
   6         0.000000      -258.000400         0.037600 
Li-O-c-1.2-v-.94
   0         0.000000      -270.126000         0.000000 
   1         0.000000      -270.089900         0.036100 
   2         0.000000      -269.982200         0.143800 
   3         0.000000      -269.860700         0.265300 
   4         0.000000      -269.860700         0.265300 
   5         0.000000      -270.043500         0.082500 
   6         0.000000      -270.204900        -0.078900 
Li-O-c-1.2-v-.96
   0         0.000000      -280.720200         0.000000 
   1         0.000000      -280.703100         0.017100 
   2         0.000000      -280.644100         0.076100 
   3         0.000000      -280.574900         0.145300 
   4         0.000000      -280.597400         0.122800 
   5         0.000000      -280.761700        -0.041500 
   6         0.000000      -280.900600        -0.180400 
Li-O-c-1.2-v-.98
   0         0.000000      -289.774300         0.000000 
   1         0.000000      -289.776100        -0.001800 
   2         0.000000      -289.761000         0.013300 
   3         0.000000      -289.736800         0.037500 
   4         0.000000      -289.778600        -0.004300 
   5         0.000000      -289.925200        -0.150900 
   6         0.000000      -290.046300        -0.272000 
Li-O-c-1.2-v-1.00
   0         0.000000      -297.849400         0.000000 
   1         0.000000      -297.865800        -0.016400 
   2         0.000000      -297.889600        -0.040200 
   3         0.000000      -297.906900        -0.057500 
   4         0.000000      -297.965300        -0.115900 
   5         0.000000      -298.097500        -0.248100 
   6         0.000000      -298.199500        -0.350100 
Li-O-c-1.2-v-1.02
   0         0.000000      -304.861200         0.000000 
   1         0.000000      -304.891300        -0.030100 
   2         0.000000      -304.949600        -0.088400 
   3         0.000000      -305.078900        -0.217700 
   4         0.000000      -305.076700        -0.215500 
   5         0.000000      -305.195300        -0.334100 
   6         0.000000      -305.281100        -0.419900 
Li-O-c-1.2-v-1.04
   0         0.000000      -311.003900         0.000000 
   1         0.000000      -311.045700        -0.041800 
   2         0.000000      -311.134700        -0.130800 
   3         0.000000      -311.220700        -0.216800 
   4         0.000000      -311.307900        -0.304000 
   5         0.000000      -311.413400        -0.409500 
   6         0.000000      -311.485000        -0.481100 
Li-O-c-1.2-v-1.06
   0         0.000000      -316.398000         0.000000 
   1         0.000000      -316.448300        -0.050300 
   2         0.000000      -316.564700        -0.166700 
   3         0.000000      -316.715100        -0.317100 
   4         0.000000      -316.778600        -0.380600 
   5         0.000000      -316.872600        -0.474600 
   6         0.000000      -316.931200        -0.533200 
Li-O-c-1.3-v-.84
   0         0.000000      -191.704400         0.000000 
   1         0.000000      -191.535500         0.168900 
   2         0.000000      -191.084000         0.620400 
   3         0.000000      -190.581800         1.122600 
   4         0.000000      -190.423100         1.281300 
   5         0.000000      -190.749800         0.954600 
   6         0.000000      -191.074300         0.630100 
Li-O-c-1.3-v-.86
   0         0.000000      -214.577400         0.000000 
   1         0.000000      -214.442000         0.135400 
   2         0.000000      -214.080300         0.497100 
   3         0.000000      -213.679100         0.898300 
   4         0.000000      -213.563600         1.013800 
   5         0.000000      -213.856300         0.721100 
   6         0.000000      -214.139500         0.437900 
Li-O-c-1.3-v-.88
   0         0.000000      -234.588000         0.000000 
   1         0.000000      -234.482500         0.105500 
   2         0.000000      -234.200400         0.387600 
   3         0.000000      -233.887000         0.701000 
   4         0.000000      -233.809700         0.778300 
   5         0.000000      -234.071600         0.516400 
   6         0.000000      -234.318000         0.270000 
Li-O-c-1.3-v-.90
   0         0.000000      -252.110200         0.000000 
   1         0.000000      -252.032600         0.077600 
   2         0.000000      -251.820000         0.290200 
   3         0.000000      -251.583800         0.526400 
   4         0.000000      -251.538400         0.571800 
   5         0.000000      -251.773000         0.337200 
   6         0.000000      -251.988800         0.121400 
Li-O-c-1.3-v-.92
   0         0.000000      -267.396600         0.000000 
   1         0.000000      -267.341700         0.054900 
   2         0.000000      -267.190500         0.206100 
   3         0.000000      -266.947900         0.448700 
   4         0.000000      -267.005700         0.390900 
   5         0.000000      -267.215900         0.180700 
   6         0.000000      -267.403200        -0.006600 
Li-O-c-1.3-v-.94
   0         0.000000      -281.040700         0.000000 
   1         0.000000      -281.008600         0.032100 
   2         0.000000      -280.912100         0.128600 
   3         0.000000      -280.801700         0.239000 
   4         0.000000      -280.811200         0.229500 
   5         0.000000      -280.999700         0.041000 
   6         0.000000      -281.162200        -0.121500 
Li-O-c-1.3-v-.96
   0         0.000000      -292.790100         0.000000 
   1         0.000000      -292.777000         0.013100 
   2         0.000000      -292.728300         0.061800 
   3         0.000000      -292.670200         0.119900 
   4         0.000000      -292.701600         0.088500 
   5         0.000000      -292.871100        -0.081000 
   6         0.000000      -293.010900        -0.220800 
Li-O-c-1.3-v-.98
   0         0.000000      -302.976500         0.000000 
   1         0.000000      -302.981900        -0.005400 
   2         0.000000      -302.976500         0.000000 
   3         0.000000      -302.973600         0.002900 
   4         0.000000      -303.013900        -0.037400 
   5         0.000000      -303.166800        -0.190300 
   6         0.000000      -303.286700        -0.310200 
Li-O-c-1.3-v-1.00
   0         0.000000      -312.052700         0.000000 
   1         0.000000      -312.072900        -0.020200 
   2         0.000000      -312.105600        -0.052900 
   3         0.000000      -312.133100        -0.080400 
   4         0.000000      -312.200200        -0.147500 
   5         0.000000      -312.336300        -0.283600 
   6         0.000000      -312.439300        -0.386600 
Li-O-c-1.3-v-1.02
   0         0.000000      -319.949900         0.000000 
   1         0.000000      -319.984100        -0.034200 
   2         0.000000      -320.050400        -0.100500 
   3         0.000000      -320.113800        -0.163900 
   4         0.000000      -320.196900        -0.247000 
   5         0.000000      -320.317100        -0.367200 
   6         0.000000      -320.403900        -0.454000 
Li-O-c-1.3-v-1.04
   0         0.000000      -326.872900         0.000000 
   1         0.000000      -326.917800        -0.044900 
   2         0.000000      -327.015100        -0.142200 
   3         0.000000      -327.110900        -0.238000 
   4         0.000000      -327.205500        -0.332600 
   5         0.000000      -327.314700        -0.441800 
   6         0.000000      -327.386600        -0.513700 
Li-O-c-1.3-v-1.06
   0         0.000000      -332.948800         0.000000 
   1         0.000000      -333.002600        -0.053800 
   2         0.000000      -333.126200        -0.177400 
   3         0.000000      -333.250900        -0.302100 
   4         0.000000      -333.357400        -0.408600 
   5         0.000000      -333.454300        -0.505500 
   6         0.000000      -333.513100        -0.564300 
Li-O-c-1.4-v-.84
   0         0.000000      -192.329900         0.000000 
   1         0.000000      -192.166700         0.163200 
   2         0.000000      -191.726900         0.603000 
   3         0.000000      -191.234200         1.095700 
   4         0.000000      -191.083000         1.246900 
   5         0.000000      -191.419000         0.910900 
   6         0.000000      -191.746800         0.583100 
Li-O-c-1.4-v-.86
   0         0.000000      -217.506600         0.000000 
   1         0.000000      -217.376700         0.129900 
   2         0.000000      -217.026200         0.480400 
   3         0.000000      -216.634900         0.871700 
   4         0.000000      -216.527500         0.979100 
   5         0.000000      -216.828500         0.678100 
   6         0.000000      -217.114300         0.392300 
Li-O-c-1.4-v-.88
   0         0.000000      -239.703000         0.000000 
   1         0.000000      -239.603300         0.099700 
   2         0.000000      -239.332100         0.370900 
   3         0.000000      -239.028800         0.674200 
   4         0.000000      -238.960000         0.743000 
   5         0.000000      -239.229400         0.473600 
   6         0.000000      -239.478700         0.224300 
Li-O-c-1.4-v-.90
   0         0.000000      -258.914500         0.000000 
   1         0.000000      -258.841200         0.073300 
   2         0.000000      -258.639800         0.274700 
   3         0.000000      -258.413200         0.501300 
   4         0.000000      -258.377200         0.537300 
   5         0.000000      -258.618900         0.295600 
   6         0.000000      -258.836100         0.078400 
Li-O-c-1.4-v-.92
   0         0.000000      -276.015000         0.000000 
   1         0.000000      -275.965800         0.049200 
   2         0.000000      -275.825200         0.189800 
   3         0.000000      -275.666300         0.348700 
   4         0.000000      -275.659500         0.355500 
   5         0.000000      -275.875900         0.139100 
   6         0.000000      -276.064700        -0.049700 
Li-O-c-1.4-v-.94
   0         0.000000      -290.797100         0.000000 
   1         0.000000      -290.769100         0.028000 
   2         0.000000      -290.682400         0.114700 
   3         0.000000      -290.582800         0.214300 
   4         0.000000      -290.600700         0.196400 
   5         0.000000      -290.795200         0.001900 
   6         0.000000      -290.958300        -0.161200 
Li-O-c-1.4-v-.96
   0         0.000000      -303.959900         0.000000 
   1         0.000000      -303.951100         0.008800 
   2         0.000000      -303.911900         0.048000 
   3         0.000000      -303.864200         0.095700 
   4         0.000000      -303.904100         0.055800 
   5         0.000000      -304.079000        -0.119100 
   6         0.000000      -304.219600        -0.259700 
Li-O-c-1.4-v-.98
   0         0.000000      -315.290300         0.000000 
   1         0.000000      -315.299600        -0.009300 
   2         0.000000      -315.303400        -0.013100 
   3         0.000000      -315.301200        -0.010900 
   4         0.000000      -315.359700        -0.069400 
   5         0.000000      -315.516000        -0.225700 
   6         0.000000      -315.638000        -0.347700 
Li-O-c-1.4-v-1.00
   0         0.000000      -325.378700         0.000000 
   1         0.000000      -325.402300        -0.023600 
   2         0.000000      -325.444200        -0.065500 
   3         0.000000      -325.481700        -0.103000 
   4         0.000000      -325.557800        -0.179100 
   5         0.000000      -325.697700        -0.319000 
   6         0.000000      -325.800900        -0.422200 
Li-O-c-1.4-v-1.02
   0         0.000000      -334.171700         0.000000 
   1         0.000000      -334.208400        -0.036700 
   2         0.000000      -334.283700        -0.112000 
   3         0.000000      -334.357300        -0.185600 
   4         0.000000      -334.447600        -0.275900 
   5         0.000000      -334.573000        -0.401300 
   6         0.000000      -334.660000        -0.488300 
Li-O-c-1.4-v-1.04
   0         0.000000      -341.885400         0.000000 
   1         0.000000      -341.932900        -0.047500 
   2         0.000000      -342.038200        -0.152800 
   3         0.000000      -342.143700        -0.258300 
   4         0.000000      -342.246200        -0.360800 
   5         0.000000      -342.359200        -0.473800 
   6         0.000000      -342.431200        -0.545800 
Li-O-c-1.4-v-1.06
   0         0.000000      -348.651900         0.000000 
   1         0.000000      -348.708300        -0.056400 
   2         0.000000      -348.839600        -0.187700 
   3         0.000000      -348.973700        -0.321800 
   4         0.000000      -349.087100        -0.435200 
   5         0.000000      -349.188200        -0.536300 
   6         0.000000      -349.247000        -0.595100 
Li-O-c-1.5-v-.84
   0         0.000000      -191.973900         0.000000 
   1         0.000000      -191.815100         0.158800 
   2         0.000000      -191.384700         0.589200 
   3         0.000000      -190.901200         1.072700 
   4         0.000000      -190.759000         1.214900 
   5         0.000000      -191.104100         0.869800 
   6         0.000000      -191.433600         0.540300 
Li-O-c-1.5-v-.86
   0         0.000000      -219.473900         0.000000 
   1         0.000000      -219.348000         0.125900 
   2         0.000000      -219.006900         0.467000 
   3         0.000000      -218.625100         0.848800 
   4         0.000000      -218.526600         0.947300 
   5         0.000000      -218.835700         0.638200 
   6         0.000000      -219.123100         0.350800 
Li-O-c-1.5-v-.88
   0         0.000000      -243.600900         0.000000 
   1         0.000000      -243.504400         0.096500 
   2         0.000000      -243.242400         0.358500 
   3         0.000000      -242.948800         0.652100 
   4         0.000000      -242.888900         0.712000 
   5         0.000000      -243.165200         0.435700 
   6         0.000000      -243.415200         0.185700 
Li-O-c-1.5-v-.90
   0         0.000000      -264.792100         0.000000 
   1         0.000000      -264.722700         0.069400 
   2         0.000000      -264.530200         0.261900 
   3         0.000000      -264.313600         0.478500 
   4         0.000000      -264.286400         0.505700 
   5         0.000000      -264.534400         0.257700 
   6         0.000000      -264.752400         0.039700 
Li-O-c-1.5-v-.92
   0         0.000000      -283.347400         0.000000 
   1         0.000000      -283.300600         0.046800 
   2         0.000000      -283.168600         0.178800 
   3         0.000000      -283.019800         0.327600 
   4         0.000000      -283.021200         0.326200 
   5         0.000000      -283.243400         0.104000 
   6         0.000000      -283.432700        -0.085300 
Li-O-c-1.5-v-.94
   0         0.000000      -299.904000         0.000000 
   1         0.000000      -299.879900         0.024100 
   2         0.000000      -299.802100         0.101900 
   3         0.000000      -299.712100         0.191900 
   4         0.000000      -299.738500         0.165500 
   5         0.000000      -299.937900        -0.033900 
   6         0.000000      -300.102000        -0.198000 
Li-O-c-1.5-v-.96
   0         0.000000      -314.254500         0.000000 
   1         0.000000      -314.249200         0.005300 
   2         0.000000      -314.219300         0.035200 
   3         0.000000      -314.183000         0.071500 
   4         0.000000      -314.229200         0.025300 
   5         0.000000      -314.408200        -0.153700 
   6         0.000000      -314.549800        -0.295300 
Li-O-c-1.5-v-.98
   0         0.000000      -326.853900         0.000000 
   1         0.000000      -326.865400        -0.011500 
   2         0.000000      -326.877900        -0.024000 
   3         0.000000      -326.885500        -0.031600 
   4         0.000000      -326.952300        -0.098400 
   5         0.000000      -327.113100        -0.259200 
   6         0.000000      -327.234500        -0.380600 
Li-O-c-1.5-v-1.00
   0         0.000000      -337.844600         0.000000 
   1         0.000000      -337.871200        -0.026600 
   2         0.000000      -337.921200        -0.076600 
   3         0.000000      -337.968400        -0.123800 
   4         0.000000      -338.051800        -0.207200 
   5         0.000000      -338.196100        -0.351500 
   6         0.000000      -338.300200        -0.455600 
Li-O-c-1.5-v-1.02
   0         0.000000      -347.544800         0.000000 
   1         0.000000      -347.584400        -0.039600 
   2         0.000000      -347.667800        -0.123000 
   3         0.000000      -347.750600        -0.205800 
   4         0.000000      -347.847900        -0.303100 
   5         0.000000      -347.977800        -0.433000 
   6         0.000000      -348.064900        -0.520100 
Li-O-c-1.5-v-1.04
   0         0.000000      -356.059400         0.000000 
   1         0.000000      -356.110100        -0.050700 
   2         0.000000      -356.222800        -0.163400 
   3         0.000000      -356.093300        -0.033900 
   4         0.000000      -356.447200        -0.387800 
   5         0.000000      -356.563800        -0.504400 
   6         0.000000      -356.636100        -0.576700 
Li-O-c-1.5-v-1.06
   0         0.000000      -363.528000         0.000000 
   1         0.000000      -363.586900        -0.058900 
   2         0.000000      -363.725800        -0.197800 
   3         0.000000      -363.868300        -0.340300 
   4         0.000000      -363.989000        -0.461000 
   5         0.000000      -364.093900        -0.565900 
   6         0.000000      -364.153200        -0.625200 
Li-O-c-1.6-v-.84
   0         0.000000      -190.556700         0.000000 
   1         0.000000      -190.401900         0.154800 
   2         0.000000      -189.980900         0.575800 
   3         0.000000      -189.508200         1.048500 
   4         0.000000      -189.376300         1.180400 
   5         0.000000      -189.725900         0.830800 
   6         0.000000      -190.054700         0.502000 
Li-O-c-1.6-v-.86
   0         0.000000      -220.405100         0.000000 
   1         0.000000      -220.283100         0.122000 
   2         0.000000      -219.951300         0.453800 
   3         0.000000      -219.580300         0.824800 
   4         0.000000      -219.491700         0.913400 
   5         0.000000      -219.805000         0.600100 
   6         0.000000      -220.091900         0.313200 
Li-O-c-1.6-v-.88
   0         0.000000      -246.623900         0.000000 
   1         0.000000      -246.531400         0.092500 
   2         0.000000      -246.278600         0.345300 
   3         0.000000      -245.995700         0.628200 
   4         0.000000      -245.945400         0.678500 
   5         0.000000      -246.225800         0.398100 
   6         0.000000      -246.475100         0.148800 
Li-O-c-1.6-v-.90
   0         0.000000      -269.680400         0.000000 
   1         0.000000      -269.614600         0.065800 
   2         0.000000      -269.431100         0.249300 
   3         0.000000      -269.225000         0.455400 
   4         0.000000      -269.206800         0.473600 
   5         0.000000      -269.458600         0.221800 
   6         0.000000      -269.676700         0.003700 
Li-O-c-1.6-v-.92
   0         0.000000      -289.899200         0.000000 
   1         0.000000      -289.856100         0.043100 
   2         0.000000      -289.732700         0.166500 
   3         0.000000      -289.594400         0.304800 
   4         0.000000      -289.604900         0.294300 
   5         0.000000      -289.830800         0.068400 
   6         0.000000      -290.019800        -0.120600 
Li-O-c-1.6-v-.94
   0         0.000000      -307.813200         0.000000 
   1         0.000000      -307.792400         0.020800 
   2         0.000000      -307.722300         0.090900 
   3         0.000000      -307.642900         0.170300 
   4         0.000000      -307.677700         0.135500 
   5         0.000000      -307.881100        -0.067900 
   6         0.000000      -308.044900        -0.231700 
Li-O-c-1.6-v-.96
   0         0.000000      -323.604500         0.000000 
   1         0.000000      -323.602200         0.002300 
   2         0.000000      -323.579800         0.024700 
   3         0.000000      -323.551300         0.053200 
   4         0.000000      -323.607700        -0.003200 
   5         0.000000      -323.791200        -0.186700 
   6         0.000000      -323.932200        -0.327700 
Li-O-c-1.6-v-.98
   0         0.000000      -337.269100         0.000000 
   1         0.000000      -337.284700        -0.015600 
   2         0.000000      -337.304500        -0.035400 
   3         0.000000      -337.320200        -0.051100 
   4         0.000000      -337.395300        -0.126200 
   5         0.000000      -337.559900        -0.290800 
   6         0.000000      -337.682200        -0.413100 
Li-O-c-1.6-v-1.00
   0         0.000000      -349.519900         0.000000 
   1         0.000000      -349.549000        -0.029100 
   2         0.000000      -349.606000        -0.086100 
   3         0.000000      -349.662600        -0.142700 
   4         0.000000      -349.753500        -0.233600 
   5         0.000000      -349.901900        -0.382000 
   6         0.000000      -350.005300        -0.485400 
Li-O-c-1.6-v-1.02
   0         0.000000      -360.051200         0.000000 
   1         0.000000      -360.093900        -0.042700 
   2         0.000000      -360.183400        -0.132200 
   3         0.000000      -360.274300        -0.223100 
   4         0.000000      -360.379000        -0.327800 
   5         0.000000      -360.513100        -0.461900 
   6         0.000000      -360.600300        -0.549100 
Li-O-c-1.6-v-1.04
   0         0.000000      -369.384800         0.000000 
   1         0.000000      -369.437800        -0.053000 
   2         0.000000      -369.557000        -0.172200 
   3         0.000000      -369.679100        -0.294300 
   4         0.000000      -369.796000        -0.411200 
   5         0.000000      -369.916500        -0.531700 
   6         0.000000      -369.989200        -0.604400 
Li-O-c-1.6-v-1.06
   0         0.000000      -377.573700         0.000000 
   1         0.000000      -377.634700        -0.061000 
   2         0.000000      -377.779200        -0.205500 
   3         0.000000      -377.929200        -0.355500 
   4         0.000000      -378.056600        -0.482900 
   5         0.000000      -378.165200        -0.591500 
   6         0.000000      -378.224700        -0.651000 
Li-O-c-1.7-v-.84
   0         0.000000      -187.820400         0.000000 
   1         0.000000      -187.666900         0.153500 
   2         0.000000      -187.248800         0.571600 
   3         0.000000      -186.781500         1.038900 
   4         0.000000      -186.657800         1.162600 
   5         0.000000      -187.015000         0.805400 
   6         0.000000      -187.346900         0.473500 
Li-O-c-1.7-v-.86
   0         0.000000      -220.075800         0.000000 
   1         0.000000      -219.955500         0.120300 
   2         0.000000      -219.626600         0.449200 
   3         0.000000      -219.260800         0.815000 
   4         0.000000      -219.180200         0.895600 
   5         0.000000      -219.500600         0.575200 
   6         0.000000      -219.789800         0.286000 
Li-O-c-1.7-v-.88
   0         0.000000      -248.440700         0.000000 
   1         0.000000      -248.349700         0.091000 
   2         0.000000      -248.099900         0.340800 
   3         0.000000      -247.822100         0.618600 
   4         0.000000      -247.779300         0.661400 
   5         0.000000      -248.066300         0.374400 
   6         0.000000      -248.318100         0.122600 
Li-O-c-1.7-v-.90
   0         0.000000      -273.413300         0.000000 
   1         0.000000      -273.349000         0.064300 
   2         0.000000      -273.168500         0.244800 
   3         0.000000      -272.967100         0.446200 
   4         0.000000      -272.956000         0.457300 
   5         0.000000      -273.214200         0.199100 
   6         0.000000      -273.434200        -0.020900 
Li-O-c-1.7-v-.92
   0         0.000000      -295.343400         0.000000 
   1         0.000000      -295.302500         0.040900 
   2         0.000000      -295.181500         0.161900 
   3         0.000000      -295.047800         0.295600 
   4         0.000000      -295.065000         0.278400 
   5         0.000000      -295.296800         0.046600 
   6         0.000000      -295.487800        -0.144400 
Li-O-c-1.7-v-.94
   0         0.000000      -314.784800         0.000000 
   1         0.000000      -314.765600         0.019200 
   2         0.000000      -314.698300         0.086500 
   3         0.000000      -314.623000         0.161800 
   4         0.000000      -314.664000         0.120800 
   5         0.000000      -314.873200        -0.088400 
   6         0.000000      -315.038900        -0.254100 
Li-O-c-1.7-v-.96
   0         0.000000      -331.942900         0.000000 
   1         0.000000      -331.942100         0.000800 
   2         0.000000      -331.921900         0.021000 
   3         0.000000      -331.897500         0.045400 
   4         0.000000      -331.959900        -0.017000 
   5         0.000000      -332.148400        -0.205500 
   6         0.000000      -332.291500        -0.348600 
Li-O-c-1.7-v-.98
   0         0.000000      -346.824600         0.000000 
   1         0.000000      -346.841300        -0.016700 
   2         0.000000      -346.863900        -0.039300 
   3         0.000000      -346.883100        -0.058500 
   4         0.000000      -346.964200        -0.139600 
   5         0.000000      -347.133800        -0.309200 
   6         0.000000      -347.258000        -0.433400 
Li-O-c-1.7-v-1.00
   0         0.000000      -360.062000         0.000000 
   1         0.000000      -360.092400        -0.030400 
   2         0.000000      -360.152400        -0.090400 
   3         0.000000      -360.210900        -0.148900 
   4         0.000000      -360.307300        -0.245300 
   5         0.000000      -360.460800        -0.398800 
   6         0.000000      -360.566700        -0.504700 
Li-O-c-1.7-v-1.02
   0         0.000000      -371.644800         0.000000 
   1         0.000000      -371.689200        -0.044400 
   2         0.000000      -371.779800        -0.135000 
   3         0.000000      -371.873900        -0.229100 
   4         0.000000      -371.983900        -0.339100 
   5         0.000000      -372.122500        -0.477700 
   6         0.000000      -372.211900        -0.567100 
Li-O-c-1.7-v-1.04
   0         0.000000      -381.828000         0.000000 
   1         0.000000      -381.882100        -0.054100 
   2         0.000000      -382.002300        -0.174300 
   3         0.000000      -382.127500        -0.299500 
   4         0.000000      -382.249500        -0.421500 
   5         0.000000      -382.374800        -0.546800 
   6         0.000000      -382.449000        -0.621000 
Li-O-c-1.7-v-1.06
   0         0.000000      -390.765500         0.000000 
   1         0.000000      -390.827100        -0.061600 
   2         0.000000      -390.973100        -0.207600 
   3         0.000000      -391.202400        -0.436900 
   4         0.000000      -391.258300        -0.492800 
   5         0.000000      -391.372200        -0.606700 
   6         0.000000      -391.432500        -0.667000 
Li-O-c-1.8-v-.84
   0         0.000000      -183.908700         0.000000 
   1         0.000000      -183.753800         0.154900 
   2         0.000000      -183.330600         0.578100 
   3         0.000000      -182.857100         1.051600 
   4         0.000000      -182.732800         1.175900 
   5         0.000000      -183.094000         0.814700 
   6         0.000000      -183.427700         0.481000 
Li-O-c-1.8-v-.86
   0         0.000000      -218.612600         0.000000 
   1         0.000000      -218.490700         0.121900 
   2         0.000000      -218.156900         0.455700 
   3         0.000000      -217.785200         0.827400 
   4         0.000000      -217.704000         0.908600 
   5         0.000000      -218.028300         0.584300 
   6         0.000000      -218.319600         0.293000 
Li-O-c-1.8-v-.88
   0         0.000000      -249.161200         0.000000 
   1         0.000000      -249.068600         0.092600 
   2         0.000000      -248.813900         0.347300 
   3         0.000000      -248.530400         0.630800 
   4         0.000000      -248.487100         0.674100 
   5         0.000000      -248.778100         0.383100 
   6         0.000000      -249.031900         0.129300 
Li-O-c-1.8-v-.90
   0         0.000000      -276.082100         0.000000 
   1         0.000000      -276.016200         0.065900 
   2         0.000000      -275.831000         0.251100 
   3         0.000000      -275.624200         0.457900 
   4         0.000000      -275.612500         0.469600 
   5         0.000000      -275.874600         0.207500 
   6         0.000000      -276.097000        -0.014900 
Li-O-c-1.8-v-.92
   0         0.000000      -299.756000         0.000000 
   1         0.000000      -299.712800         0.043200 
   2         0.000000      -299.587600         0.168400 
   3         0.000000      -299.448600         0.307400 
   4         0.000000      -299.465200         0.290800 
   5         0.000000      -299.701100         0.054900 
   6         0.000000      -299.894500        -0.138500 
Li-O-c-1.8-v-.94
   0         0.000000      -320.754100         0.000000 
   1         0.000000      -320.732800         0.021300 
   2         0.000000      -320.660600         0.093500 
   3         0.000000      -320.580300         0.173800 
   4         0.000000      -320.620800         0.133300 
   5         0.000000      -320.833900        -0.079800 
   6         0.000000      -321.002200        -0.248100 
Li-O-c-1.8-v-.96
   0         0.000000      -339.304500         0.000000 
   1         0.000000      -339.301900         0.002600 
   2         0.000000      -339.276900         0.027600 
   3         0.000000      -339.248500         0.056000 
   4         0.000000      -339.309400        -0.004900 
   5         0.000000      -339.502100        -0.197600 
   6         0.000000      -339.647500        -0.343000 
Li-O-c-1.8-v-.98
   0         0.000000      -355.429700         0.000000 
   1         0.000000      -355.444600        -0.014900 
   2         0.000000      -355.461800        -0.032100 
   3         0.000000      -355.476100        -0.046400 
   4         0.000000      -355.556800        -0.127100 
   5         0.000000      -355.730600        -0.300900 
   6         0.000000      -355.857300        -0.427600 
Li-O-c-1.8-v-1.00
   0         0.000000      -369.772800         0.000000 
   1         0.000000      -369.801300        -0.028500 
   2         0.000000      -369.855600        -0.082800 
   3         0.000000      -369.805400        -0.032600 
   4         0.000000      -370.005700        -0.232900 
   5         0.000000      -370.163300        -0.390500 
   6         0.000000      -370.271500        -0.498700 
Li-O-c-1.8-v-1.02
   0         0.000000      -382.336600         0.000000 
   1         0.000000      -382.377400        -0.040800 
   2         0.000000      -382.464300        -0.127700 
   3         0.000000      -382.383200        -0.046600 
   4         0.000000      -382.662400        -0.325800 
   5         0.000000      -382.805600        -0.469000 
   6         0.000000      -382.897700        -0.561100 
Li-O-c-1.8-v-1.04
   0         0.000000      -393.393000         0.000000 
   1         0.000000      -393.444600        -0.051600 
   2         0.000000      -393.560200        -0.167200 
   3         0.000000      -393.679800        -0.286800 
   4         0.000000      -393.801000        -0.408000 
   5         0.000000      -393.930800        -0.537800 
   6         0.000000      -394.008200        -0.615200 
Li-O-c-1.8-v-1.06
   0         0.000000      -403.103100         0.000000 
   1         0.000000      -403.163000        -0.059900 
   2         0.000000      -403.303500        -0.200400 
   3         0.000000      -403.450500        -0.347400 
   4         0.000000      -403.581800        -0.478700 
   5         0.000000      -403.699800        -0.596700 
   6         0.000000      -403.764000        -0.660900 
