Li-Cl-c-.15-v-1.02
   0         0.000000       -47.571300         0.000000 
   1         0.000000       -47.394100         0.177200 
   2         0.000000       -46.919900         0.651400 
   3         0.000000       -46.383300         1.188000 
   4         0.000000       -46.160800         1.410500 
   5         0.000000       -46.407300         1.164000 
   6         0.000000       -46.700200         0.871100 
Li-Cl-c-.15-v-1.04
   0         0.000000       -49.938800         0.000000 
   1         0.000000       -49.792000         0.146800 
   2         0.000000       -49.395400         0.543400 
   3         0.000000       -48.942400         0.996400 
   4         0.000000       -48.755800         1.183000 
   5         0.000000       -48.974700         0.964100 
   6         0.000000       -49.233300         0.705500 
Li-Cl-c-.15-v-1.06
   0         0.000000       -51.751000         0.000000 
   1         0.000000       -51.631200         0.119800 
   2         0.000000       -51.304200         0.446800 
   3         0.000000       -50.926000         0.825000 
   4         0.000000       -50.771800         0.979200 
   5         0.000000       -50.965600         0.785400 
   6         0.000000       -51.193400         0.557600 
Li-Cl-c-.15-v-1.08
   0         0.000000       -53.121200         0.000000 
   1         0.000000       -53.025700         0.095500 
   2         0.000000       -52.760600         0.360600 
   3         0.000000       -52.438100         0.683100 
   4         0.000000       -52.324200         0.797000 
   5         0.000000       -52.495700         0.625500 
   6         0.000000       -52.695500         0.425700 
Li-Cl-c-.15-v-1.10
   0         0.000000       -54.140800         0.000000 
   1         0.000000       -54.066800         0.074000 
   2         0.000000       -53.857400         0.283400 
   3         0.000000       -53.603500         0.537300 
   4         0.000000       -53.506700         0.634100 
   5         0.000000       -53.658500         0.482300 
   6         0.000000       -53.832700         0.308100 
Li-Cl-c-.15-v-1.12
   0         0.000000       -54.890100         0.000000 
   1         0.000000       -54.835400         0.054700 
   2         0.000000       -54.675400         0.214700 
   3         0.000000       -54.477900         0.412200 
   4         0.000000       -54.402100         0.488000 
   5         0.000000       -54.535300         0.354800 
   6         0.000000       -54.686800         0.203300 
Li-Cl-c-.15-v-1.14
   0         0.000000       -55.429200         0.000000 
   1         0.000000       -55.391800         0.037400 
   2         0.000000       -55.276100         0.153100 
   3         0.000000       -55.126700         0.302500 
   4         0.000000       -55.071600         0.357600 
   5         0.000000       -55.188700         0.240500 
   6         0.000000       -55.319400         0.109800 
Li-Cl-c-.15-v-1.16
   0         0.000000       -55.806200         0.000000 
   1         0.000000       -55.784300         0.021900 
   2         0.000000       -55.708400         0.097800 
   3         0.000000       -55.601600         0.204600 
   4         0.000000       -55.565300         0.240900 
   5         0.000000       -55.667400         0.138800 
   6         0.000000       -55.779600         0.026600 
Li-Cl-c-.15-v-1.18
   0         0.000000       -56.063400         0.000000 
   1         0.000000       -56.055100         0.008300 
   2         0.000000       -56.014900         0.048500 
   3         0.000000       -55.927000         0.136400 
   4         0.000000       -55.926600         0.136800 
   5         0.000000       -56.015500         0.047900 
   6         0.000000       -56.110700        -0.047300 
Li-Cl-c-.15-v-1.20
   0         0.000000       -56.232800         0.000000 
   1         0.000000       -56.237000        -0.004200 
   2         0.000000       -56.228400         0.004400 
   3         0.000000       -56.224400         0.008400 
   4         0.000000       -56.189000         0.043800 
   5         0.000000       -56.266000        -0.033200 
   6         0.000000       -56.345700        -0.112900 
Li-Cl-c-.15-v-1.22
   0         0.000000       -56.335000         0.000000 
   1         0.000000       -56.350400        -0.015400 
   2         0.000000       -56.370000        -0.035000 
   3         0.000000       -56.366100        -0.031100 
   4         0.000000       -56.374100        -0.039100 
   5         0.000000       -56.440100        -0.105100 
   6         0.000000       -56.506100        -0.171100 
Li-Cl-c-.15-v-1.24
   0         0.000000       -56.396100         0.000000 
   1         0.000000       -56.421300        -0.025200 
   2         0.000000       -56.466100        -0.070000 
   3         0.000000       -56.489400        -0.093300 
   4         0.000000       -56.509800        -0.113700 
   5         0.000000       -56.565400        -0.169300 
   6         0.000000       -56.618500        -0.222400 
Li-Cl-c-.15-v-1.26
   0         0.000000       -56.418000         0.000000 
   1         0.000000       -56.452000        -0.034000 
   2         0.000000       -56.519300        -0.101300 
   3         0.000000       -56.566600        -0.148600 
   4         0.000000       -56.597600        -0.179600 
   5         0.000000       -56.644100        -0.226100 
   6         0.000000       -56.685700        -0.267700 
Li-Cl-c-.15-v-1.28
   0         0.000000       -56.419300         0.000000 
   1         0.000000       -56.461200        -0.041900 
   2         0.000000       -56.548500        -0.129200 
   3         0.000000       -56.617100        -0.197800 
   4         0.000000       -56.657300        -0.238000 
   5         0.000000       -56.695600        -0.276300 
   6         0.000000       -56.726800        -0.307500 
Li-Cl-c-.15-v-1.30
   0         0.000000       -56.405200         0.000000 
   1         0.000000       -56.454100        -0.048900 
   2         0.000000       -56.558800        -0.153600 
   3         0.000000       -56.646600        -0.241400 
   4         0.000000       -56.694700        -0.289500 
   5         0.000000       -56.725500        -0.320300 
   6         0.000000       -56.747500        -0.342300 
Li-Cl-c-.20-v-1.02
   0         0.000000       -47.222500         0.000000 
   1         0.000000       -47.047700         0.174800 
   2         0.000000       -46.579700         0.642800 
   3         0.000000       -46.050300         1.172200 
   4         0.000000       -45.833700         1.388800 
   5         0.000000       -46.083700         1.138800 
   6         0.000000       -46.377600         0.844900 
Li-Cl-c-.20-v-1.04
   0         0.000000       -50.879300         0.000000 
   1         0.000000       -50.734800         0.144500 
   2         0.000000       -50.344300         0.535000 
   3         0.000000       -49.898100         0.981200 
   4         0.000000       -49.717200         1.162100 
   5         0.000000       -49.939200         0.940100 
   6         0.000000       -50.198700         0.680600 
Li-Cl-c-.20-v-1.06
   0         0.000000       -53.874900         0.000000 
   1         0.000000       -53.757300         0.117600 
   2         0.000000       -53.380100         0.494800 
   3         0.000000       -53.056800         0.818100 
   4         0.000000       -52.915500         0.959400 
   5         0.000000       -53.111200         0.763700 
   6         0.000000       -53.340800         0.534100 
Li-Cl-c-.20-v-1.08
   0         0.000000       -56.332200         0.000000 
   1         0.000000       -56.156000         0.176200 
   2         0.000000       -55.979100         0.353100 
   3         0.000000       -55.674700         0.657500 
   4         0.000000       -55.554400         0.777800 
   5         0.000000       -55.728600         0.603600 
   6         0.000000       -55.929000         0.403200 
Li-Cl-c-.20-v-1.10
   0         0.000000       -58.351600         0.000000 
   1         0.000000       -58.279600         0.072000 
   2         0.000000       -58.075400         0.276200 
   3         0.000000       -57.830700         0.520900 
   4         0.000000       -57.736200         0.615400 
   5         0.000000       -57.890400         0.461200 
   6         0.000000       -58.065100         0.286500 
Li-Cl-c-.20-v-1.12
   0         0.000000       -60.020700         0.000000 
   1         0.000000       -59.967900         0.052800 
   2         0.000000       -59.813200         0.207500 
   3         0.000000       -59.622300         0.398400 
   4         0.000000       -59.551100         0.469600 
   5         0.000000       -59.686600         0.334100 
   6         0.000000       -59.838400         0.182300 
Li-Cl-c-.20-v-1.14
   0         0.000000       -61.407000         0.000000 
   1         0.000000       -61.371600         0.035400 
   2         0.000000       -61.261300         0.145700 
   3         0.000000       -61.117800         0.289200 
   4         0.000000       -61.066000         0.341000 
   5         0.000000       -61.185000         0.222000 
   6         0.000000       -61.317700         0.089300 
Li-Cl-c-.20-v-1.16
   0         0.000000       -62.564800         0.000000 
   1         0.000000       -62.544500         0.020300 
   2         0.000000       -62.472700         0.092100 
   3         0.000000       -62.373400         0.191400 
   4         0.000000       -62.341400         0.223400 
   5         0.000000       -62.446000         0.118800 
   6         0.000000       -62.558300         0.006500 
Li-Cl-c-.20-v-1.18
   0         0.000000       -63.542100         0.000000 
   1         0.000000       -63.535800         0.006300 
   2         0.000000       -63.499900         0.042200 
   3         0.000000       -63.438300         0.103800 
   4         0.000000       -63.423200         0.118900 
   5         0.000000       -63.513900         0.028200 
   6         0.000000       -63.609200        -0.067100 
Li-Cl-c-.20-v-1.20
   0         0.000000       -64.376200         0.000000 
   1         0.000000       -64.382400        -0.006200 
   2         0.000000       -64.378800        -0.002600 
   3         0.000000       -64.350600         0.025600 
   4         0.000000       -64.350400         0.025800 
   5         0.000000       -64.429000        -0.052800 
   6         0.000000       -64.508900        -0.132700 
Li-Cl-c-.20-v-1.22
   0         0.000000       -65.092600         0.000000 
   1         0.000000       -65.109800        -0.017200 
   2         0.000000       -65.134400        -0.041800 
   3         0.000000       -65.136100        -0.043500 
   4         0.000000       -65.149500        -0.056900 
   5         0.000000       -65.217200        -0.124600 
   6         0.000000       -65.283400        -0.190800 
Li-Cl-c-.20-v-1.24
   0         0.000000       -65.721600         0.000000 
   1         0.000000       -65.748500        -0.026900 
   2         0.000000       -65.798800        -0.077200 
   3         0.000000       -65.828400        -0.106800 
   4         0.000000       -65.852800        -0.131200 
   5         0.000000       -65.910500        -0.188900 
   6         0.000000       -65.963900        -0.242300 
Li-Cl-c-.20-v-1.26
   0         0.000000       -66.269200         0.000000 
   1         0.000000       -66.305300        -0.036100 
   2         0.000000       -66.377900        -0.108700 
   3         0.000000       -66.431000        -0.161800 
   4         0.000000       -66.467000        -0.197800 
   5         0.000000       -66.514900        -0.245700 
   6         0.000000       -66.556900        -0.287700 
Li-Cl-c-.20-v-1.28
   0         0.000000       -66.757900         0.000000 
   1         0.000000       -66.802800        -0.044900 
   2         0.000000       -66.894200        -0.136300 
   3         0.000000       -66.969600        -0.211700 
   4         0.000000       -67.014000        -0.256100 
   5         0.000000       -67.053900        -0.296000 
   6         0.000000       -67.085500        -0.327600 
Li-Cl-c-.20-v-1.30
   0         0.000000       -67.195600         0.000000 
   1         0.000000       -67.246700        -0.051100 
   2         0.000000       -67.356800        -0.161200 
   3         0.000000       -67.504200        -0.308600 
   4         0.000000       -67.504000        -0.308400 
   5         0.000000       -67.536100        -0.340500 
   6         0.000000       -67.558200        -0.362600 
Li-Cl-c-.25-v-1.02
   0         0.000000       -46.723100         0.000000 
   1         0.000000       -46.550600         0.172500 
   2         0.000000       -46.088400         0.634700 
   3         0.000000       -45.565700         1.157400 
   4         0.000000       -45.355000         1.368100 
   5         0.000000       -45.608900         1.114200 
   6         0.000000       -45.904000         0.819100 
Li-Cl-c-.25-v-1.04
   0         0.000000       -51.669500         0.000000 
   1         0.000000       -51.527100         0.142400 
   2         0.000000       -51.142400         0.527100 
   3         0.000000       -50.703000         0.966500 
   4         0.000000       -50.527600         1.141900 
   5         0.000000       -50.753000         0.916500 
   6         0.000000       -51.013500         0.656000 
Li-Cl-c-.25-v-1.06
   0         0.000000       -55.848200         0.000000 
   1         0.000000       -55.732800         0.115400 
   2         0.000000       -55.416400         0.431800 
   3         0.000000       -55.028100         0.820100 
   4         0.000000       -54.908400         0.939800 
   5         0.000000       -55.108300         0.739900 
   6         0.000000       -55.337700         0.510500 
Li-Cl-c-.25-v-1.08
   0         0.000000       -59.391700         0.000000 
   1         0.000000       -59.300400         0.091300 
   2         0.000000       -59.046300         0.345400 
   3         0.000000       -58.748200         0.643500 
   4         0.000000       -58.633200         0.758500 
   5         0.000000       -58.810100         0.581600 
   6         0.000000       -59.011100         0.380600 
Li-Cl-c-.25-v-1.10
   0         0.000000       -62.409200         0.000000 
   1         0.000000       -62.338700         0.070500 
   2         0.000000       -62.140000         0.269200 
   3         0.000000       -61.901800         0.507400 
   4         0.000000       -61.812400         0.596800 
   5         0.000000       -61.968800         0.440400 
   6         0.000000       -62.144500         0.264700 
Li-Cl-c-.25-v-1.12
   0         0.000000       -64.995900         0.000000 
   1         0.000000       -64.945300         0.050600 
   2         0.000000       -64.795200         0.200700 
   3         0.000000       -64.610700         0.385200 
   4         0.000000       -64.544000         0.451900 
   5         0.000000       -64.682500         0.313400 
   6         0.000000       -64.834800         0.161100 
Li-Cl-c-.25-v-1.14
   0         0.000000       -67.226600         0.000000 
   1         0.000000       -67.193100         0.033500 
   2         0.000000       -67.087800         0.138800 
   3         0.000000       -66.944300         0.282300 
   4         0.000000       -66.905000         0.321600 
   5         0.000000       -67.025100         0.201500 
   6         0.000000       -67.157800         0.068800 
Li-Cl-c-.25-v-1.16
   0         0.000000       -69.161900         0.000000 
   1         0.000000       -69.143700         0.018200 
   2         0.000000       -69.077900         0.084000 
   3         0.000000       -68.983500         0.178400 
   4         0.000000       -68.956700         0.205200 
   5         0.000000       -69.062800         0.099100 
   6         0.000000       -69.175500        -0.013600 
Li-Cl-c-.25-v-1.18
   0         0.000000       -70.855800         0.000000 
   1         0.000000       -70.851400         0.004400 
   2         0.000000       -70.821100         0.034700 
   3         0.000000       -70.764900         0.090900 
   4         0.000000       -70.754500         0.101300 
   5         0.000000       -70.847000         0.008800 
   6         0.000000       -70.942700        -0.086900 
Li-Cl-c-.25-v-1.20
   0         0.000000       -72.350800         0.000000 
   1         0.000000       -72.358800        -0.008000 
   2         0.000000       -72.359100        -0.008300 
   3         0.000000       -72.338100         0.012700 
   4         0.000000       -72.342700         0.008100 
   5         0.000000       -72.422800        -0.072000 
   6         0.000000       -72.503200        -0.152400 
Li-Cl-c-.25-v-1.22
   0         0.000000       -73.677300         0.000000 
   1         0.000000       -73.696200        -0.018900 
   2         0.000000       -73.726100        -0.048800 
   3         0.000000       -73.733000        -0.055700 
   4         0.000000       -73.752100        -0.074800 
   5         0.000000       -73.821500        -0.144200 
   6         0.000000       -73.887600        -0.210300 
Li-Cl-c-.25-v-1.24
   0         0.000000       -74.870100         0.000000 
   1         0.000000       -74.899200        -0.029100 
   2         0.000000       -74.953700        -0.083600 
   3         0.000000       -74.990000        -0.119900 
   4         0.000000       -75.019000        -0.148900 
   5         0.000000       -75.078000        -0.207900 
   6         0.000000       -75.131900        -0.261800 
Li-Cl-c-.25-v-1.26
   0         0.000000       -75.939100         0.000000 
   1         0.000000       -75.976900        -0.037800 
   2         0.000000       -76.054800        -0.115700 
   3         0.000000       -76.114800        -0.175700 
   4         0.000000       -76.154500        -0.215400 
   5         0.000000       -76.204200        -0.265100 
   6         0.000000       -76.246400        -0.307300 
Li-Cl-c-.25-v-1.28
   0         0.000000       -76.910500         0.000000 
   1         0.000000       -76.956300        -0.045800 
   2         0.000000       -77.054100        -0.143600 
   3         0.000000       -77.135700        -0.225200 
   4         0.000000       -77.184700        -0.274200 
   5         0.000000       -77.225600        -0.315100 
   6         0.000000       -77.257800        -0.347300 
Li-Cl-c-.25-v-1.30
   0         0.000000       -77.795400         0.000000 
   1         0.000000       -77.848600        -0.053200 
   2         0.000000       -77.963900        -0.168500 
   3         0.000000       -78.064600        -0.269200 
   4         0.000000       -78.121900        -0.326500 
   5         0.000000       -78.155600        -0.360200 
   6         0.000000       -78.178000        -0.382600 
Li-Cl-c-.30-v-1.02
   0         0.000000       -46.077900         0.000000 
   1         0.000000       -45.907500         0.170400 
   2         0.000000       -45.450700         0.627200 
   3         0.000000       -44.934100         1.143800 
   4         0.000000       -44.728700         1.349200 
   5         0.000000       -44.986300         1.091600 
   6         0.000000       -45.282700         0.795200 
Li-Cl-c-.30-v-1.04
   0         0.000000       -52.313400         0.000000 
   1         0.000000       -52.173100         0.140300 
   2         0.000000       -51.793500         0.519900 
   3         0.000000       -51.360400         0.953000 
   4         0.000000       -51.190200         1.123200 
   5         0.000000       -51.419200         0.894200 
   6         0.000000       -51.680600         0.632800 
Li-Cl-c-.30-v-1.06
   0         0.000000       -57.674100         0.000000 
   1         0.000000       -57.560400         0.113700 
   2         0.000000       -57.250400         0.423700 
   3         0.000000       -56.891600         0.782500 
   4         0.000000       -56.753100         0.921000 
   5         0.000000       -56.956200         0.717900 
   6         0.000000       -57.186300         0.487800 
Li-Cl-c-.30-v-1.08
   0         0.000000       -62.302500         0.000000 
   1         0.000000       -62.213200         0.089300 
   2         0.000000       -61.964000         0.338500 
   3         0.000000       -61.671700         0.630800 
   4         0.000000       -61.562300         0.740200 
   5         0.000000       -61.742300         0.560200 
   6         0.000000       -61.943900         0.358600 
Li-Cl-c-.30-v-1.10
   0         0.000000       -66.316000         0.000000 
   1         0.000000       -66.248100         0.067900 
   2         0.000000       -66.054500         0.261500 
   3         0.000000       -65.822000         0.494000 
   4         0.000000       -65.737700         0.578300 
   5         0.000000       -65.896900         0.419100 
   6         0.000000       -66.072800         0.243200 
Li-Cl-c-.30-v-1.12
   0         0.000000       -69.818000         0.000000 
   1         0.000000       -69.769100         0.048900 
   2         0.000000       -69.624800         0.193200 
   3         0.000000       -69.445400         0.372600 
   4         0.000000       -69.383600         0.434400 
   5         0.000000       -69.524900         0.293100 
   6         0.000000       -69.677800         0.140200 
Li-Cl-c-.30-v-1.14
   0         0.000000       -72.890100         0.000000 
   1         0.000000       -72.858500         0.031600 
   2         0.000000       -72.758200         0.131900 
   3         0.000000       -72.626900         0.263200 
   4         0.000000       -72.585400         0.304700 
   5         0.000000       -72.709800         0.180300 
   6         0.000000       -72.841800         0.048300 
Li-Cl-c-.30-v-1.16
   0         0.000000       -75.599600         0.000000 
   1         0.000000       -75.583200         0.016400 
   2         0.000000       -75.522500         0.077100 
   3         0.000000       -75.434000         0.165600 
   4         0.000000       -75.411700         0.187900 
   5         0.000000       -75.520200         0.079400 
   6         0.000000       -75.633200        -0.033600 
Li-Cl-c-.30-v-1.18
   0         0.000000       -78.006500         0.000000 
   1         0.000000       -78.003700         0.002800 
   2         0.000000       -77.978500         0.028000 
   3         0.000000       -77.928400         0.078100 
   4         0.000000       -77.922700         0.083800 
   5         0.000000       -78.017300        -0.010800 
   6         0.000000       -78.113200        -0.106700 
Li-Cl-c-.30-v-1.20
   0         0.000000       -80.158600         0.000000 
   1         0.000000       -80.168400        -0.009800 
   2         0.000000       -80.174400        -0.015800 
   3         0.000000       -80.271200        -0.112600 
   4         0.000000       -80.167600        -0.009000 
   5         0.000000       -80.250000        -0.091400 
   6         0.000000       -80.330400        -0.171800 
Li-Cl-c-.30-v-1.22
   0         0.000000       -82.091200         0.000000 
   1         0.000000       -82.112000        -0.020800 
   2         0.000000       -82.065500         0.025700 
   3         0.000000       -82.161200        -0.070000 
   4         0.000000       -82.183100        -0.091900 
   5         0.000000       -82.254300        -0.163100 
   6         0.000000       -82.320800        -0.229600 
Li-Cl-c-.30-v-1.24
   0         0.000000       -83.843500         0.000000 
   1         0.000000       -83.874400        -0.030900 
   2         0.000000       -83.934200        -0.090700 
   3         0.000000       -83.975600        -0.132100 
   4         0.000000       -84.010000        -0.166500 
   5         0.000000       -84.070100        -0.226600 
   6         0.000000       -84.124600        -0.281100 
Li-Cl-c-.30-v-1.26
   0         0.000000       -85.429700         0.000000 
   1         0.000000       -85.469400        -0.039700 
   2         0.000000       -85.552200        -0.122500 
   3         0.000000       -85.618200        -0.188500 
   4         0.000000       -85.662500        -0.232800 
   5         0.000000       -85.714100        -0.284400 
   6         0.000000       -85.756300        -0.326600 
Li-Cl-c-.30-v-1.28
   0         0.000000       -86.879300         0.000000 
   1         0.000000       -86.926100        -0.046800 
   2         0.000000       -87.029800        -0.150500 
   3         0.000000       -87.117600        -0.238300 
   4         0.000000       -87.170900        -0.291600 
   5         0.000000       -87.214100        -0.334800 
   6         0.000000       -87.246000        -0.366700 
Li-Cl-c-.30-v-1.30
   0         0.000000       -88.207000         0.000000 
   1         0.000000       -88.261800        -0.054800 
   2         0.000000       -88.382500        -0.175500 
   3         0.000000       -88.489600        -0.282600 
   4         0.000000       -88.551200        -0.344200 
   5         0.000000       -88.586400        -0.379400 
   6         0.000000       -88.609000        -0.402000 
Li-Cl-c-.35-v-1.02
   0         0.000000       -45.289600         0.000000 
   1         0.000000       -45.121300         0.168300 
   2         0.000000       -44.669400         0.620200 
   3         0.000000       -44.158500         1.131100 
   4         0.000000       -43.957600         1.332000 
   5         0.000000       -44.218800         1.070800 
   6         0.000000       -44.516300         0.773300 
Li-Cl-c-.35-v-1.04
   0         0.000000       -52.813300         0.000000 
   1         0.000000       -52.675100         0.138200 
   2         0.000000       -52.300400         0.512900 
   3         0.000000       -51.872800         0.940500 
   4         0.000000       -51.707500         1.105800 
   5         0.000000       -51.939600         0.873700 
   6         0.000000       -52.202200         0.611100 
Li-Cl-c-.35-v-1.06
   0         0.000000       -59.354900         0.000000 
   1         0.000000       -59.243200         0.111700 
   2         0.000000       -58.938000         0.416900 
   3         0.000000       -58.584600         0.770300 
   4         0.000000       -58.450800         0.904100 
   5         0.000000       -58.657200         0.697700 
   6         0.000000       -58.888400         0.466500 
Li-Cl-c-.35-v-1.08
   0         0.000000       -65.066300         0.000000 
   1         0.000000       -64.978900         0.087400 
   2         0.000000       -64.734500         0.331800 
   3         0.000000       -64.448600         0.617700 
   4         0.000000       -64.342900         0.723400 
   5         0.000000       -64.526400         0.539900 
   6         0.000000       -64.728800         0.337500 
Li-Cl-c-.35-v-1.10
   0         0.000000       -70.073900         0.000000 
   1         0.000000       -70.007900         0.066000 
   2         0.000000       -69.819000         0.254900 
   3         0.000000       -69.592300         0.481600 
   4         0.000000       -69.512800         0.561100 
   5         0.000000       -69.674800         0.399100 
   6         0.000000       -69.851500         0.222400 
Li-Cl-c-.35-v-1.12
   0         0.000000       -74.488400         0.000000 
   1         0.000000       -74.441500         0.046900 
   2         0.000000       -74.301400         0.187000 
   3         0.000000       -74.128700         0.359700 
   4         0.000000       -74.072100         0.416300 
   5         0.000000       -74.215200         0.273200 
   6         0.000000       -74.368700         0.119700 
Li-Cl-c-.35-v-1.14
   0         0.000000       -78.399100         0.000000 
   1         0.000000       -78.369100         0.030000 
   2         0.000000       -78.273700         0.125400 
   3         0.000000       -78.148400         0.250700 
   4         0.000000       -78.112200         0.286900 
   5         0.000000       -78.238300         0.160800 
   6         0.000000       -78.370800         0.028300 
Li-Cl-c-.35-v-1.16
   0         0.000000       -81.879500         0.000000 
   1         0.000000       -81.865000         0.014500 
   2         0.000000       -81.808600         0.070900 
   3         0.000000       -81.726400         0.153100 
   4         0.000000       -81.708100         0.171400 
   5         0.000000       -81.819300         0.060200 
   6         0.000000       -81.932900        -0.053400 
Li-Cl-c-.35-v-1.18
   0         0.000000       -84.995800         0.000000 
   1         0.000000       -84.994900         0.000900 
   2         0.000000       -84.974000         0.021800 
   3         0.000000       -84.930100         0.065700 
   4         0.000000       -84.928300         0.067500 
   5         0.000000       -85.025400        -0.029600 
   6         0.000000       -85.122000        -0.126200 
Li-Cl-c-.35-v-1.20
   0         0.000000       -87.801200         0.000000 
   1         0.000000       -87.812700        -0.011500 
   2         0.000000       -87.824200        -0.023000 
   3         0.000000       -87.813700        -0.012500 
   4         0.000000       -87.827300        -0.026100 
   5         0.000000       -87.911400        -0.110200 
   6         0.000000       -87.992300        -0.191100 
Li-Cl-c-.35-v-1.22
   0         0.000000       -90.335800         0.000000 
   1         0.000000       -90.358300        -0.022500 
   2         0.000000       -90.397700        -0.061900 
   3         0.000000       -90.418100        -0.082300 
   4         0.000000       -90.445100        -0.109300 
   5         0.000000       -90.518000        -0.182200 
   6         0.000000       -90.584600        -0.248800 
Li-Cl-c-.35-v-1.24
   0         0.000000       -92.643600         0.000000 
   1         0.000000       -92.676100        -0.032500 
   2         0.000000       -92.741000        -0.097400 
   3         0.000000       -92.788900        -0.145300 
   4         0.000000       -92.827100        -0.183500 
   5         0.000000       -92.889800        -0.246200 
   6         0.000000       -92.943800        -0.300200 
Li-Cl-c-.35-v-1.26
   0         0.000000       -94.742700         0.000000 
   1         0.000000       -94.784100        -0.041400 
   2         0.000000       -94.871300        -0.128600 
   3         0.000000       -94.800800        -0.058100 
   4         0.000000       -94.991900        -0.249200 
   5         0.000000       -95.045800        -0.303100 
   6         0.000000       -95.088300        -0.345600 
Li-Cl-c-.35-v-1.28
   0         0.000000       -96.666400         0.000000 
   1         0.000000       -96.715900        -0.049500 
   2         0.000000       -96.823500        -0.157100 
   3         0.000000       -96.852600        -0.186200 
   4         0.000000       -96.975300        -0.308900 
   5         0.000000       -97.020000        -0.353600 
   6         0.000000       -97.052200        -0.385800 
Li-Cl-c-.35-v-1.30
   0         0.000000       -98.432500         0.000000 
   1         0.000000       -98.489200        -0.056700 
   2         0.000000       -98.614000        -0.181500 
   3         0.000000       -98.727900        -0.295400 
   4         0.000000       -98.793900        -0.361400 
   5         0.000000       -98.830800        -0.398300 
   6         0.000000       -98.853600        -0.421100 
Li-Cl-c-.40-v-1.02
   0         0.000000       -44.359300         0.000000 
   1         0.000000       -44.193000         0.166300 
   2         0.000000       -43.745700         0.613600 
   3         0.000000       -43.239900         1.119400 
   4         0.000000       -43.043300         1.316000 
   5         0.000000       -43.307900         1.051400 
   6         0.000000       -43.606500         0.752800 
Li-Cl-c-.40-v-1.04
   0         0.000000       -53.170500         0.000000 
   1         0.000000       -53.034200         0.136300 
   2         0.000000       -52.664100         0.506400 
   3         0.000000       -52.241600         0.928900 
   4         0.000000       -52.080600         1.089900 
   5         0.000000       -52.316100         0.854400 
   6         0.000000       -52.579600         0.590900 
Li-Cl-c-.40-v-1.06
   0         0.000000       -60.891400         0.000000 
   1         0.000000       -60.781600         0.109800 
   2         0.000000       -60.480600         0.410800 
   3         0.000000       -60.133000         0.758400 
   4         0.000000       -60.003500         0.887900 
   5         0.000000       -60.213000         0.678400 
   6         0.000000       -60.445000         0.446400 
Li-Cl-c-.40-v-1.08
   0         0.000000       -67.684100         0.000000 
   1         0.000000       -67.598400         0.085700 
   2         0.000000       -67.359100         0.325000 
   3         0.000000       -67.078100         0.606000 
   4         0.000000       -66.977200         0.706900 
   5         0.000000       -67.163000         0.521100 
   6         0.000000       -67.366600         0.317500 
Li-Cl-c-.40-v-1.10
   0         0.000000       -73.683400         0.000000 
   1         0.000000       -73.618900         0.064500 
   2         0.000000       -73.434500         0.248900 
   3         0.000000       -73.213700         0.469700 
   4         0.000000       -73.138700         0.544700 
   5         0.000000       -73.303000         0.380400 
   6         0.000000       -73.480800         0.202600 
Li-Cl-c-.40-v-1.12
   0         0.000000       -79.008000         0.000000 
   1         0.000000       -78.962800         0.045200 
   2         0.000000       -78.827800         0.180200 
   3         0.000000       -78.660300         0.347700 
   4         0.000000       -78.608300         0.399700 
   5         0.000000       -78.753900         0.254100 
   6         0.000000       -78.908000         0.100000 
Li-Cl-c-.40-v-1.14
   0         0.000000       -83.754200         0.000000 
   1         0.000000       -83.725900         0.028300 
   2         0.000000       -83.635100         0.119100 
   3         0.000000       -83.515600         0.238600 
   4         0.000000       -83.484000         0.270200 
   5         0.000000       -83.612600         0.141600 
   6         0.000000       -83.745500         0.008700 
Li-Cl-c-.40-v-1.16
   0         0.000000       -88.002300         0.000000 
   1         0.000000       -87.989300         0.013000 
   2         0.000000       -87.937700         0.064600 
   3         0.000000       -87.861300         0.141000 
   4         0.000000       -87.848300         0.154000 
   5         0.000000       -87.961200         0.041100 
   6         0.000000       -88.075100        -0.072800 
Li-Cl-c-.40-v-1.18
   0         0.000000       -91.824500         0.000000 
   1         0.000000       -91.825400        -0.000900 
   2         0.000000       -91.809500         0.015000 
   3         0.000000       -91.770900         0.053600 
   4         0.000000       -91.774300         0.050200 
   5         0.000000       -91.873400        -0.048900 
   6         0.000000       -91.969900        -0.145400 
Li-Cl-c-.40-v-1.20
   0         0.000000       -95.279400         0.000000 
   1         0.000000       -95.292700        -0.013300 
   2         0.000000       -95.308500        -0.029100 
   3         0.000000       -95.304200        -0.024800 
   4         0.000000       -95.322200        -0.042800 
   5         0.000000       -95.408600        -0.129200 
   6         0.000000       -95.489600        -0.210200 
Li-Cl-c-.40-v-1.22
   0         0.000000       -98.412300         0.000000 
   1         0.000000       -98.437300        -0.025000 
   2         0.000000       -98.480600        -0.068300 
   3         0.000000       -98.507200        -0.094900 
   4         0.000000       -98.537700        -0.125400 
   5         0.000000       -98.612900        -0.200600 
   6         0.000000       -98.680100        -0.267800 
Li-Cl-c-.40-v-1.24
   0         0.000000      -101.271700         0.000000 
   1         0.000000      -101.306200        -0.034500 
   2         0.000000      -101.375400        -0.103700 
   3         0.000000      -101.429300        -0.157600 
   4         0.000000      -101.471800        -0.200100 
   5         0.000000      -101.536400        -0.264700 
   6         0.000000      -101.590700        -0.319000 
Li-Cl-c-.40-v-1.26
   0         0.000000      -103.879800         0.000000 
   1         0.000000      -103.923100        -0.043300 
   2         0.000000      -104.015200        -0.135400 
   3         0.000000      -104.093300        -0.213500 
   4         0.000000      -104.146000        -0.266200 
   5         0.000000      -104.201200        -0.321400 
   6         0.000000      -104.244200        -0.364400 
Li-Cl-c-.40-v-1.28
   0         0.000000      -106.273500         0.000000 
   1         0.000000      -106.325200        -0.051700 
   2         0.000000      -106.437300        -0.163800 
   3         0.000000      -106.536700        -0.263200 
   4         0.000000      -106.599200        -0.325700 
   5         0.000000      -106.645700        -0.372200 
   6         0.000000      -106.678000        -0.404500 
Li-Cl-c-.40-v-1.30
   0         0.000000      -108.473900         0.000000 
   1         0.000000      -108.532100        -0.058200 
   2         0.000000      -108.662800        -0.188900 
   3         0.000000      -108.781700        -0.307800 
   4         0.000000      -108.851800        -0.377900 
   5         0.000000      -108.890900        -0.417000 
   6         0.000000      -108.913700        -0.439800 
Li-Cl-c-.45-v-1.02
   0         0.000000       -43.286500         0.000000 
   1         0.000000       -43.122000         0.164500 
   2         0.000000       -42.678900         0.607600 
   3         0.000000       -42.177900         1.108600 
   4         0.000000       -41.985800         1.300700 
   5         0.000000       -42.253800         1.032700 
   6         0.000000       -42.553300         0.733200 
Li-Cl-c-.45-v-1.04
   0         0.000000       -53.384100         0.000000 
   1         0.000000       -53.249500         0.134600 
   2         0.000000       -52.883800         0.500300 
   3         0.000000       -52.466200         0.917900 
   4         0.000000       -52.309600         1.074500 
   5         0.000000       -52.548200         0.835900 
   6         0.000000       -52.812600         0.571500 
Li-Cl-c-.45-v-1.06
   0         0.000000       -62.283000         0.000000 
   1         0.000000       -62.175000         0.108000 
   2         0.000000       -61.878100         0.404900 
   3         0.000000       -61.535500         0.747500 
   4         0.000000       -61.410600         0.872400 
   5         0.000000       -61.622800         0.660200 
   6         0.000000       -61.855800         0.427200 
Li-Cl-c-.45-v-1.08
   0         0.000000       -70.155000         0.000000 
   1         0.000000       -70.070900         0.084100 
   2         0.000000       -69.836000         0.319000 
   3         0.000000       -69.560100         0.594900 
   4         0.000000       -69.464000         0.691000 
   5         0.000000       -69.652400         0.502600 
   6         0.000000       -69.856600         0.298400 
Li-Cl-c-.45-v-1.10
   0         0.000000       -77.144000         0.000000 
   1         0.000000       -77.081100         0.062900 
   2         0.000000       -76.901300         0.242700 
   3         0.000000       -76.685500         0.458500 
   4         0.000000       -76.615100         0.528900 
   5         0.000000       -76.782400         0.361600 
   6         0.000000       -76.960300         0.183700 
Li-Cl-c-.45-v-1.12
   0         0.000000       -83.376000         0.000000 
   1         0.000000       -83.332600         0.043400 
   2         0.000000       -83.201400         0.174600 
   3         0.000000       -83.039700         0.336300 
   4         0.000000       -82.991900         0.384100 
   5         0.000000       -83.140400         0.235600 
   6         0.000000       -83.294800         0.081200 
Li-Cl-c-.45-v-1.14
   0         0.000000       -88.955000         0.000000 
   1         0.000000       -88.928300         0.026700 
   2         0.000000       -88.841900         0.113100 
   3         0.000000       -88.728000         0.227000 
   4         0.000000       -88.700800         0.254200 
   5         0.000000       -88.831500         0.123500 
   6         0.000000       -88.965100        -0.010100 
Li-Cl-c-.45-v-1.16
   0         0.000000       -93.967600         0.000000 
   1         0.000000       -93.956500         0.011100 
   2         0.000000       -93.909300         0.058300 
   3         0.000000       -93.838400         0.129200 
   4         0.000000       -93.829700         0.137900 
   5         0.000000       -93.945100         0.022500 
   6         0.000000       -94.059200        -0.091600 
Li-Cl-c-.45-v-1.18
   0         0.000000       -98.492500         0.000000 
   1         0.000000       -98.495100        -0.002600 
   2         0.000000       -98.483600         0.008900 
   3         0.000000       -98.450800         0.041700 
   4         0.000000       -98.458500         0.034000 
   5         0.000000       -98.559700        -0.067200 
   6         0.000000       -98.656700        -0.164200 
Li-Cl-c-.45-v-1.20
   0         0.000000      -102.593500         0.000000 
   1         0.000000      -102.608600        -0.015100 
   2         0.000000      -102.628600        -0.035100 
   3         0.000000      -102.627200        -0.033700 
   4         0.000000      -102.652600        -0.059100 
   5         0.000000      -102.741000        -0.147500 
   6         0.000000      -102.822500        -0.229000 
Li-Cl-c-.45-v-1.22
   0         0.000000      -106.321100         0.000000 
   1         0.000000      -106.347200        -0.026100 
   2         0.000000      -106.396100        -0.075000 
   3         0.000000      -106.428000        -0.106900 
   4         0.000000      -106.463500        -0.142400 
   5         0.000000      -106.540300        -0.219200 
   6         0.000000      -106.607700        -0.286600 
Li-Cl-c-.45-v-1.24
   0         0.000000      -109.728600         0.000000 
   1         0.000000      -109.764500        -0.035900 
   2         0.000000      -109.838600        -0.110000 
   3         0.000000      -109.897800        -0.169200 
   4         0.000000      -109.945000        -0.216400 
   5         0.000000      -110.011700        -0.283100 
   6         0.000000      -110.066200        -0.337600 
Li-Cl-c-.45-v-1.26
   0         0.000000      -112.842000         0.000000 
   1         0.000000      -112.887300        -0.045300 
   2         0.000000      -112.983200        -0.141200 
   3         0.000000      -113.067400        -0.225400 
   4         0.000000      -113.124900        -0.282900 
   5         0.000000      -113.181300        -0.339300 
   6         0.000000      -113.224800        -0.382800 
Li-Cl-c-.45-v-1.28
   0         0.000000      -115.702000         0.000000 
   1         0.000000      -115.755300        -0.053300 
   2         0.000000      -115.872100        -0.170100 
   3         0.000000      -115.977300        -0.275300 
   4         0.000000      -116.044100        -0.342100 
   5         0.000000      -116.092400        -0.390400 
   6         0.000000      -116.124900        -0.422900 
Li-Cl-c-.45-v-1.30
   0         0.000000      -118.332800         0.000000 
   1         0.000000      -118.392900        -0.060100 
   2         0.000000      -118.527800        -0.195000 
   3         0.000000      -118.652600        -0.319800 
   4         0.000000      -118.727200        -0.394400 
   5         0.000000      -118.768300        -0.435500 
   6         0.000000      -118.791100        -0.458300 
Li-Cl-c-.50-v-1.02
   0         0.000000       -42.068300         0.000000 
   1         0.000000       -41.905300         0.163000 
   2         0.000000       -41.466100         0.602200 
   3         0.000000       -40.970000         1.098300 
   4         0.000000       -40.782700         1.285600 
   5         0.000000       -41.054200         1.014100 
   6         0.000000       -41.354300         0.714000 
Li-Cl-c-.50-v-1.04
   0         0.000000       -53.451200         0.000000 
   1         0.000000       -53.318100         0.133100 
   2         0.000000       -52.956100         0.495100 
   3         0.000000       -52.543600         0.907600 
   4         0.000000       -52.391600         1.059600 
   5         0.000000       -52.633400         0.817800 
   6         0.000000       -52.898300         0.552900 
Li-Cl-c-.50-v-1.06
   0         0.000000       -63.526500         0.000000 
   1         0.000000       -63.420000         0.106500 
   2         0.000000       -63.127200         0.399300 
   3         0.000000       -62.789500         0.737000 
   4         0.000000       -62.669200         0.857300 
   5         0.000000       -62.884500         0.642000 
   6         0.000000       -63.117600         0.408900 
Li-Cl-c-.50-v-1.08
   0         0.000000       -72.475900         0.000000 
   1         0.000000       -72.393200         0.082700 
   2         0.000000       -72.162400         0.313500 
   3         0.000000       -71.891700         0.584200 
   4         0.000000       -71.800000         0.675900 
   5         0.000000       -71.991400         0.484500 
   6         0.000000       -72.195500         0.280400 
Li-Cl-c-.50-v-1.10
   0         0.000000       -80.452100         0.000000 
   1         0.000000       -80.391200         0.060900 
   2         0.000000       -80.214700         0.237400 
   3         0.000000       -80.004000         0.448100 
   4         0.000000       -79.938300         0.513800 
   5         0.000000       -80.108300         0.343800 
   6         0.000000       -80.286500         0.165600 
Li-Cl-c-.50-v-1.12
   0         0.000000       -87.589200         0.000000 
   1         0.000000       -87.547300         0.041900 
   2         0.000000       -87.420800         0.168400 
   3         0.000000       -87.264000         0.325200 
   4         0.000000       -87.220900         0.368300 
   5         0.000000       -87.371100         0.218100 
   6         0.000000       -87.526200         0.063000 
Li-Cl-c-.50-v-1.14
   0         0.000000       -93.998300         0.000000 
   1         0.000000       -93.973300         0.025000 
   2         0.000000       -93.891200         0.107100 
   3         0.000000       -93.782600         0.215700 
   4         0.000000       -93.760000         0.238300 
   5         0.000000       -93.893100         0.105200 
   6         0.000000       -94.026700        -0.028400 
Li-Cl-c-.50-v-1.16
   0         0.000000       -99.772900         0.000000 
   1         0.000000       -99.763100         0.009800 
   2         0.000000       -99.720900         0.052000 
   3         0.000000       -99.655000         0.117900 
   4         0.000000       -99.650900         0.122000 
   5         0.000000       -99.768300         0.004600 
   6         0.000000       -99.882800        -0.109900 
Li-Cl-c-.50-v-1.18
   0         0.000000      -104.997700         0.000000 
   1         0.000000      -105.001600        -0.003900 
   2         0.000000      -104.994500         0.003200 
   3         0.000000      -104.967500         0.030200 
   4         0.000000      -104.979700         0.018000 
   5         0.000000      -105.083000        -0.085300 
   6         0.000000      -105.180300        -0.182600 
Li-Cl-c-.50-v-1.20
   0         0.000000      -109.742200         0.000000 
   1         0.000000      -109.758700        -0.016500 
   2         0.000000      -109.783000        -0.040800 
   3         0.000000      -109.790300        -0.048100 
   4         0.000000      -109.817000        -0.074800 
   5         0.000000      -109.907700        -0.165500 
   6         0.000000      -109.989400        -0.247200 
Li-Cl-c-.50-v-1.22
   0         0.000000      -114.061700         0.000000 
   1         0.000000      -114.089200        -0.027500 
   2         0.000000      -114.142100        -0.080400 
   3         0.000000      -114.105200        -0.043500 
   4         0.000000      -114.219900        -0.158200 
   5         0.000000      -114.298900        -0.237200 
   6         0.000000      -114.366400        -0.304700 
Li-Cl-c-.50-v-1.24
   0         0.000000      -118.014100         0.000000 
   1         0.000000      -118.051200        -0.037100 
   2         0.000000      -118.130000        -0.115900 
   3         0.000000      -118.195000        -0.180900 
   4         0.000000      -118.246500        -0.232400 
   5         0.000000      -118.314800        -0.300700 
   6         0.000000      -118.369800        -0.355700 
Li-Cl-c-.50-v-1.26
   0         0.000000      -121.629600         0.000000 
   1         0.000000      -121.676300        -0.046700 
   2         0.000000      -121.777000        -0.147400 
   3         0.000000      -121.866100        -0.236500 
   4         0.000000      -121.928300        -0.298700 
   5         0.000000      -121.986800        -0.357200 
   6         0.000000      -122.030600        -0.401000 
Li-Cl-c-.50-v-1.28
   0         0.000000      -124.952700         0.000000 
   1         0.000000      -125.007200        -0.054500 
   2         0.000000      -125.127600        -0.174900 
   3         0.000000      -125.239500        -0.286800 
   4         0.000000      -125.310500        -0.357800 
   5         0.000000      -125.360300        -0.407600 
   6         0.000000      -125.393600        -0.440900 
Li-Cl-c-.50-v-1.30
   0         0.000000      -128.010600         0.000000 
   1         0.000000      -128.073000        -0.062400 
   2         0.000000      -128.211400        -0.200800 
   3         0.000000      -128.341900        -0.331300 
   4         0.000000      -128.420800        -0.410200 
   5         0.000000      -128.463500        -0.452900 
   6         0.000000      -128.486800        -0.476200 
Li-Cl-c-.55-v-1.02
   0         0.000000       -40.695400         0.000000 
   1         0.000000       -40.533600         0.161800 
   2         0.000000       -40.097800         0.597600 
   3         0.000000       -39.606800         1.088600 
   4         0.000000       -39.424300         1.271100 
   5         0.000000       -39.698500         0.996900 
   6         0.000000       -39.998500         0.696900 
Li-Cl-c-.55-v-1.04
   0         0.000000       -53.361600         0.000000 
   1         0.000000       -53.229800         0.131800 
   2         0.000000       -52.871700         0.489900 
   3         0.000000       -52.464200         0.897400 
   4         0.000000       -52.316900         1.044700 
   5         0.000000       -52.561300         0.800300 
   6         0.000000       -52.825900         0.535700 
Li-Cl-c-.55-v-1.06
   0         0.000000       -64.611400         0.000000 
   1         0.000000       -64.506500         0.104900 
   2         0.000000       -64.217600         0.393800 
   3         0.000000       -63.885100         0.726300 
   4         0.000000       -63.769400         0.842000 
   5         0.000000       -63.987000         0.624400 
   6         0.000000       -64.219800         0.391600 
Li-Cl-c-.55-v-1.08
   0         0.000000       -74.636400         0.000000 
   1         0.000000       -74.555300         0.081100 
   2         0.000000       -74.328500         0.307900 
   3         0.000000       -74.063000         0.573400 
   4         0.000000       -73.975800         0.660600 
   5         0.000000       -74.169400         0.467000 
   6         0.000000       -74.373500         0.262900 
Li-Cl-c-.55-v-1.10
   0         0.000000       -83.598300         0.000000 
   1         0.000000       -83.538400         0.059900 
   2         0.000000       -83.367100         0.231200 
   3         0.000000       -83.161600         0.436700 
   4         0.000000       -83.099800         0.498500 
   5         0.000000       -83.272000         0.326300 
   6         0.000000       -83.450300         0.148000 
Li-Cl-c-.55-v-1.12
   0         0.000000       -91.639000         0.000000 
   1         0.000000       -91.598200         0.040800 
   2         0.000000       -91.476100         0.162900 
   3         0.000000       -91.324400         0.314600 
   4         0.000000       -91.285800         0.353200 
   5         0.000000       -91.429100         0.209900 
   6         0.000000       -91.593500         0.045500 
Li-Cl-c-.55-v-1.14
   0         0.000000       -98.876900         0.000000 
   1         0.000000       -98.853500         0.023400 
   2         0.000000       -98.775400         0.101500 
   3         0.000000       -98.672000         0.204900 
   4         0.000000       -98.653600         0.223300 
   5         0.000000       -98.788500         0.088400 
   6         0.000000       -98.922900        -0.046000 
Li-Cl-c-.55-v-1.16
   0         0.000000      -105.412100         0.000000 
   1         0.000000      -105.403900         0.008200 
   2         0.000000      -105.365600         0.046500 
   3         0.000000      -105.304900         0.107200 
   4         0.000000      -105.305000         0.107100 
   5         0.000000      -105.424800        -0.012700 
   6         0.000000      -105.539600        -0.127500 
Li-Cl-c-.55-v-1.18
   0         0.000000      -111.335600         0.000000 
   1         0.000000      -111.341300        -0.005700 
   2         0.000000      -111.338100        -0.002500 
   3         0.000000      -111.315600         0.020000 
   4         0.000000      -111.333600         0.002000 
   5         0.000000      -111.438000        -0.102400 
   6         0.000000      -111.535600        -0.200000 
Li-Cl-c-.55-v-1.20
   0         0.000000      -116.721900         0.000000 
   1         0.000000      -116.739900        -0.018000 
   2         0.000000      -116.768500        -0.046600 
   3         0.000000      -116.780500        -0.058600 
   4         0.000000      -116.811400        -0.089500 
   5         0.000000      -116.904500        -0.182600 
   6         0.000000      -116.986700        -0.264800 
Li-Cl-c-.55-v-1.22
   0         0.000000      -121.631700         0.000000 
   1         0.000000      -121.660600        -0.028900 
   2         0.000000      -121.717300        -0.085600 
   3         0.000000      -121.760300        -0.128600 
   4         0.000000      -121.804600        -0.172900 
   5         0.000000      -121.885800        -0.254100 
   6         0.000000      -121.953700        -0.322000 
Li-Cl-c-.55-v-1.24
   0         0.000000      -126.127100         0.000000 
   1         0.000000      -126.165700        -0.038600 
   2         0.000000      -126.248000        -0.120900 
   3         0.000000      -126.318300        -0.191200 
   4         0.000000      -126.374000        -0.246900 
   5         0.000000      -126.444800        -0.317700 
   6         0.000000      -126.500200        -0.373100 
Li-Cl-c-.55-v-1.26
   0         0.000000      -130.242500         0.000000 
   1         0.000000      -130.290800        -0.048300 
   2         0.000000      -130.395200        -0.152700 
   3         0.000000      -130.489900        -0.247400 
   4         0.000000      -130.555800        -0.313300 
   5         0.000000      -130.617100        -0.374600 
   6         0.000000      -130.660800        -0.418300 
Li-Cl-c-.55-v-1.28
   0         0.000000      -134.026000         0.000000 
   1         0.000000      -134.081800        -0.055800 
   2         0.000000      -134.207100        -0.181100 
   3         0.000000      -134.323200        -0.297200 
   4         0.000000      -134.398600        -0.372600 
   5         0.000000      -134.450700        -0.424700 
   6         0.000000      -134.484200        -0.458200 
Li-Cl-c-.55-v-1.30
   0         0.000000      -137.508100         0.000000 
   1         0.000000      -137.571200        -0.063100 
   2         0.000000      -137.714200        -0.206100 
   3         0.000000      -137.850000        -0.341900 
   4         0.000000      -137.933200        -0.425100 
   5         0.000000      -137.977700        -0.469600 
   6         0.000000      -138.001600        -0.493500 
Li-Cl-c-.60-v-1.02
   0         0.000000       -39.111500         0.000000 
   1         0.000000       -38.952100         0.159400 
   2         0.000000       -38.522100         0.589400 
   3         0.000000       -38.037400         1.074100 
   4         0.000000       -37.859700         1.251800 
   5         0.000000       -38.135200         0.976300 
   6         0.000000       -38.434800         0.676700 
Li-Cl-c-.60-v-1.04
   0         0.000000       -53.067900         0.000000 
   1         0.000000       -52.938300         0.129600 
   2         0.000000       -52.585300         0.482600 
   3         0.000000       -52.183700         0.884200 
   4         0.000000       -52.041100         1.026800 
   5         0.000000       -52.287200         0.780700 
   6         0.000000       -52.551900         0.516000 
Li-Cl-c-.60-v-1.06
   0         0.000000       -65.498400         0.000000 
   1         0.000000       -65.394400         0.104000 
   2         0.000000       -65.111200         0.387200 
   3         0.000000       -64.784400         0.714000 
   4         0.000000       -64.673000         0.825400 
   5         0.000000       -64.892800         0.605600 
   6         0.000000       -65.126100         0.372300 
Li-Cl-c-.60-v-1.08
   0         0.000000       -76.604700         0.000000 
   1         0.000000       -76.525000         0.079700 
   2         0.000000       -76.302700         0.302000 
   3         0.000000       -76.042300         0.562400 
   4         0.000000       -75.959600         0.645100 
   5         0.000000       -76.155700         0.449000 
   6         0.000000       -76.360400         0.244300 
Li-Cl-c-.60-v-1.10
   0         0.000000       -86.557100         0.000000 
   1         0.000000       -86.499200         0.057900 
   2         0.000000       -86.331200         0.225900 
   3         0.000000       -86.130600         0.426500 
   4         0.000000       -86.073300         0.483800 
   5         0.000000       -86.248100         0.309000 
   6         0.000000       -86.427200         0.129900 
Li-Cl-c-.60-v-1.12
   0         0.000000       -95.505500         0.000000 
   1         0.000000       -95.466600         0.038900 
   2         0.000000       -95.347800         0.157700 
   3         0.000000       -95.200800         0.304700 
   4         0.000000       -95.166200         0.339300 
   5         0.000000       -95.321800         0.183700 
   6         0.000000       -95.477600         0.027900 
Li-Cl-c-.60-v-1.14
   0         0.000000      -103.575600         0.000000 
   1         0.000000      -103.553900         0.021700 
   2         0.000000      -103.478900         0.096700 
   3         0.000000      -103.396500         0.179100 
   4         0.000000      -103.365600         0.210000 
   5         0.000000      -103.503900         0.071700 
   6         0.000000      -103.638700        -0.063100 
Li-Cl-c-.60-v-1.16
   0         0.000000      -110.874100         0.000000 
   1         0.000000      -110.867300         0.006800 
   2         0.000000      -110.832100         0.042000 
   3         0.000000      -110.762200         0.111900 
   4         0.000000      -110.779900         0.094200 
   5         0.000000      -110.902500        -0.028400 
   6         0.000000      -111.018300        -0.144200 
Li-Cl-c-.60-v-1.18
   0         0.000000      -117.498000         0.000000 
   1         0.000000      -117.504900        -0.006900 
   2         0.000000      -117.505000        -0.007000 
   3         0.000000      -117.486800         0.011200 
   4         0.000000      -117.507500        -0.009500 
   5         0.000000      -117.616000        -0.118000 
   6         0.000000      -117.714500        -0.216500 
Li-Cl-c-.60-v-1.20
   0         0.000000      -123.527200         0.000000 
   1         0.000000      -123.546600        -0.019400 
   2         0.000000      -123.578100        -0.050900 
   3         0.000000      -123.594200        -0.067000 
   4         0.000000      -123.629700        -0.102500 
   5         0.000000      -123.725500        -0.198300 
   6         0.000000      -123.808100        -0.280900 
Li-Cl-c-.60-v-1.22
   0         0.000000      -129.027300         0.000000 
   1         0.000000      -129.057500        -0.030200 
   2         0.000000      -129.117500        -0.090200 
   3         0.000000      -129.164200        -0.136900 
   4         0.000000      -129.212700        -0.185400 
   5         0.000000      -129.296700        -0.269400 
   6         0.000000      -129.365400        -0.338100 
Li-Cl-c-.60-v-1.24
   0         0.000000      -134.065100         0.000000 
   1         0.000000      -134.105300        -0.040200 
   2         0.000000      -134.190600        -0.125500 
   3         0.000000      -134.265100        -0.200000 
   4         0.000000      -134.324600        -0.259500 
   5         0.000000      -134.398300        -0.333200 
   6         0.000000      -134.454200        -0.389100 
Li-Cl-c-.60-v-1.26
   0         0.000000      -138.679300         0.000000 
   1         0.000000      -138.728400        -0.049100 
   2         0.000000      -138.836700        -0.157400 
   3         0.000000      -138.935400        -0.256100 
   4         0.000000      -139.005400        -0.326100 
   5         0.000000      -139.069100        -0.389800 
   6         0.000000      -139.113600        -0.434300 
Li-Cl-c-.60-v-1.28
   0         0.000000      -142.921500         0.000000 
   1         0.000000      -142.978700        -0.057200 
   2         0.000000      -143.107000        -0.185500 
   3         0.000000      -143.227600        -0.306100 
   4         0.000000      -143.306900        -0.385400 
   5         0.000000      -143.361500        -0.440000 
   6         0.000000      -143.395800        -0.474300 
Li-Cl-c-.60-v-1.30
   0         0.000000      -146.825600         0.000000 
   1         0.000000      -146.889900        -0.064300 
   2         0.000000      -147.036600        -0.211000 
   3         0.000000      -147.176800        -0.351200 
   4         0.000000      -147.264100        -0.438500 
   5         0.000000      -147.311100        -0.485500 
   6         0.000000      -147.335300        -0.509700 
Li-Cl-c-.65-v-1.02
   0         0.000000       -37.262600         0.000000 
   1         0.000000       -37.104100         0.158500 
   2         0.000000       -36.676500         0.586100 
   3         0.000000       -36.196000         1.066600 
   4         0.000000       -36.023600         1.239000 
   5         0.000000       -36.304000         0.958600 
   6         0.000000       -36.606800         0.655800 
Li-Cl-c-.65-v-1.04
   0         0.000000       -52.524800         0.000000 
   1         0.000000       -52.396000         0.128800 
   2         0.000000       -52.045400         0.479400 
   3         0.000000       -51.647700         0.877100 
   4         0.000000       -51.510000         1.014800 
   5         0.000000       -51.760700         0.764100 
   6         0.000000       -52.028100         0.496700 
Li-Cl-c-.65-v-1.06
   0         0.000000       -66.150500         0.000000 
   1         0.000000       -66.048500         0.102000 
   2         0.000000       -65.766300         0.384200 
   3         0.000000       -65.442800         0.707700 
   4         0.000000       -65.331600         0.818900 
   5         0.000000       -65.560400         0.590100 
   6         0.000000       -65.796000         0.354500 
Li-Cl-c-.65-v-1.08
   0         0.000000       -78.351000         0.000000 
   1         0.000000       -78.256200         0.094800 
   2         0.000000       -78.051800         0.299200 
   3         0.000000       -77.790700         0.560300 
   4         0.000000       -77.716500         0.634500 
   5         0.000000       -77.916500         0.434500 
   6         0.000000       -78.123400         0.227600 
Li-Cl-c-.65-v-1.10
   0         0.000000       -89.305100         0.000000 
   1         0.000000       -89.248000         0.057100 
   2         0.000000       -89.082000         0.223100 
   3         0.000000       -88.884500         0.420600 
   4         0.000000       -88.831400         0.473700 
   5         0.000000       -89.009900         0.295200 
   6         0.000000       -89.190800         0.114300 
Li-Cl-c-.65-v-1.12
   0         0.000000       -99.170700         0.000000 
   1         0.000000       -99.132600         0.038100 
   2         0.000000       -99.015700         0.155000 
   3         0.000000       -98.871600         0.299100 
   4         0.000000       -98.841000         0.329700 
   5         0.000000       -99.000200         0.170500 
   6         0.000000       -99.157700         0.013000 
Li-Cl-c-.65-v-1.14
   0         0.000000      -108.080700         0.000000 
   1         0.000000      -108.059500         0.021200 
   2         0.000000      -107.986500         0.094200 
   3         0.000000      -107.890400         0.190300 
   4         0.000000      -107.880000         0.200700 
   5         0.000000      -108.021700         0.059000 
   6         0.000000      -108.158000        -0.077300 
Li-Cl-c-.65-v-1.16
   0         0.000000      -116.148400         0.000000 
   1         0.000000      -116.142300         0.006100 
   2         0.000000      -116.109100         0.039300 
   3         0.000000      -116.055300         0.093100 
   4         0.000000      -116.063300         0.085100 
   5         0.000000      -116.189200        -0.040800 
   6         0.000000      -116.306400        -0.158000 
Li-Cl-c-.65-v-1.18
   0         0.000000      -123.477100         0.000000 
   1         0.000000      -123.484800        -0.007700 
   2         0.000000      -123.485400        -0.008300 
   3         0.000000      -123.471300         0.005800 
   4         0.000000      -123.495400        -0.018300 
   5         0.000000      -123.607200        -0.130100 
   6         0.000000      -123.707100        -0.230000 
Li-Cl-c-.65-v-1.20
   0         0.000000      -130.152000         0.000000 
   1         0.000000      -130.172300        -0.020300 
   2         0.000000      -130.205500        -0.053500 
   3         0.000000      -130.224600        -0.072600 
   4         0.000000      -130.263300        -0.111300 
   5         0.000000      -130.362100        -0.210100 
   6         0.000000      -130.446400        -0.294400 
Li-Cl-c-.65-v-1.22
   0         0.000000      -136.244100         0.000000 
   1         0.000000      -136.275100        -0.031000 
   2         0.000000      -136.337000        -0.092900 
   3         0.000000      -136.386900        -0.142800 
   4         0.000000      -136.438700        -0.194600 
   5         0.000000      -136.525900        -0.281800 
   6         0.000000      -136.595900        -0.351800 
Li-Cl-c-.65-v-1.24
   0         0.000000      -141.825100         0.000000 
   1         0.000000      -141.866000        -0.040900 
   2         0.000000      -141.953500        -0.128400 
   3         0.000000      -142.030800        -0.205700 
   4         0.000000      -142.094300        -0.269200 
   5         0.000000      -142.171100        -0.346000 
   6         0.000000      -142.227900        -0.402800 
Li-Cl-c-.65-v-1.26
   0         0.000000      -146.937900         0.000000 
   1         0.000000      -146.987800        -0.049900 
   2         0.000000      -147.098200        -0.160300 
   3         0.000000      -147.200400        -0.262500 
   4         0.000000      -147.273800        -0.335900 
   5         0.000000      -147.340400        -0.402500 
   6         0.000000      -147.386100        -0.448200 
Li-Cl-c-.65-v-1.28
   0         0.000000      -151.638000         0.000000 
   1         0.000000      -151.695900        -0.057900 
   2         0.000000      -151.826900        -0.188900 
   3         0.000000      -151.950800        -0.312800 
   4         0.000000      -152.033500        -0.395500 
   5         0.000000      -152.091300        -0.453300 
   6         0.000000      -152.126500        -0.488500 
Li-Cl-c-.65-v-1.30
   0         0.000000      -155.962800         0.000000 
   1         0.000000      -156.027700        -0.064900 
   2         0.000000      -156.177100        -0.214300 
   3         0.000000      -156.320800        -0.358000 
   4         0.000000      -156.411400        -0.448600 
   5         0.000000      -156.461300        -0.498500 
   6         0.000000      -156.486800        -0.524000 
Li-Cl-c-.70-v-1.02
   0         0.000000       -35.225000         0.000000 
   1         0.000000       -35.066200         0.158800 
   2         0.000000       -34.638100         0.586900 
   3         0.000000       -34.158600         1.066400 
   4         0.000000       -33.989100         1.235900 
   5         0.000000       -34.272800         0.952200 
   6         0.000000       -34.576200         0.648800 
Li-Cl-c-.70-v-1.04
   0         0.000000       -51.793100         0.000000 
   1         0.000000       -51.664100         0.129000 
   2         0.000000       -51.312800         0.480300 
   3         0.000000       -50.916100         0.877000 
   4         0.000000       -50.781300         1.011800 
   5         0.000000       -51.035400         0.757700 
   6         0.000000       -51.303600         0.489500 
Li-Cl-c-.70-v-1.06
   0         0.000000       -66.613700         0.000000 
   1         0.000000       -66.511300         0.102400 
   2         0.000000       -66.228700         0.385000 
   3         0.000000       -65.906200         0.707500 
   4         0.000000       -65.802600         0.811100 
   5         0.000000       -66.029900         0.583800 
   6         0.000000       -66.266600         0.347100 
Li-Cl-c-.70-v-1.08
   0         0.000000       -79.908200         0.000000 
   1         0.000000       -79.829600         0.078600 
   2         0.000000       -79.608300         0.299900 
   3         0.000000       -79.342500         0.565700 
   4         0.000000       -79.276600         0.631600 
   5         0.000000       -79.480100         0.428100 
   6         0.000000       -79.688300         0.219900 
Li-Cl-c-.70-v-1.10
   0         0.000000       -91.864100         0.000000 
   1         0.000000       -91.806700         0.057400 
   2         0.000000       -91.640300         0.223800 
   3         0.000000       -91.443800         0.420300 
   4         0.000000       -91.393300         0.470800 
   5         0.000000       -91.575300         0.288800 
   6         0.000000       -91.757700         0.106400 
Li-Cl-c-.70-v-1.12
   0         0.000000      -102.647600         0.000000 
   1         0.000000      -102.609200         0.038400 
   2         0.000000      -102.491900         0.155700 
   3         0.000000      -102.340000         0.307600 
   4         0.000000      -102.320800         0.326800 
   5         0.000000      -102.483500         0.164100 
   6         0.000000      -102.642600         0.005000 
Li-Cl-c-.70-v-1.14
   0         0.000000      -112.398400         0.000000 
   1         0.000000      -112.377100         0.021300 
   2         0.000000      -112.302500         0.095900 
   3         0.000000      -112.208400         0.190000 
   4         0.000000      -112.200800         0.197600 
   5         0.000000      -112.346100         0.052300 
   6         0.000000      -112.484100        -0.085700 
Li-Cl-c-.70-v-1.16
   0         0.000000      -121.236900         0.000000 
   1         0.000000      -121.230900         0.006000 
   2         0.000000      -121.197000         0.039900 
   3         0.000000      -121.144300         0.092600 
   4         0.000000      -121.154900         0.082000 
   5         0.000000      -121.284500        -0.047600 
   6         0.000000      -121.403500        -0.166600 
Li-Cl-c-.70-v-1.18
   0         0.000000      -129.272000         0.000000 
   1         0.000000      -129.279600        -0.007600 
   2         0.000000      -129.281200        -0.009200 
   3         0.000000      -129.266900         0.005100 
   4         0.000000      -129.294000        -0.022000 
   5         0.000000      -129.409100        -0.137100 
   6         0.000000      -129.510900        -0.238900 
Li-Cl-c-.70-v-1.20
   0         0.000000      -136.594300         0.000000 
   1         0.000000      -136.614100        -0.019800 
   2         0.000000      -136.647600        -0.053300 
   3         0.000000      -136.667600        -0.073300 
   4         0.000000      -136.709300        -0.115000 
   5         0.000000      -136.811500        -0.217200 
   6         0.000000      -136.897900        -0.303600 
Li-Cl-c-.70-v-1.22
   0         0.000000      -143.279700         0.000000 
   1         0.000000      -143.310500        -0.030800 
   2         0.000000      -143.372700        -0.093000 
   3         0.000000      -143.423600        -0.143900 
   4         0.000000      -143.478000        -0.198300 
   5         0.000000      -143.568700        -0.289000 
   6         0.000000      -143.641000        -0.361300 
Li-Cl-c-.70-v-1.24
   0         0.000000      -149.404700         0.000000 
   1         0.000000      -149.445700        -0.041000 
   2         0.000000      -149.533400        -0.128700 
   3         0.000000      -149.611900        -0.207200 
   4         0.000000      -149.677900        -0.273200 
   5         0.000000      -149.757900        -0.353200 
   6         0.000000      -149.817300        -0.412600 
Li-Cl-c-.70-v-1.26
   0         0.000000      -155.016300         0.000000 
   1         0.000000      -155.066500        -0.050200 
   2         0.000000      -155.177200        -0.160900 
   3         0.000000      -155.280400        -0.264100 
   4         0.000000      -155.356700        -0.340400 
   5         0.000000      -155.427000        -0.410700 
   6         0.000000      -155.474800        -0.458500 
Li-Cl-c-.70-v-1.28
   0         0.000000      -160.174200         0.000000 
   1         0.000000      -160.232100        -0.057900 
   2         0.000000      -160.363800        -0.189600 
   3         0.000000      -160.484300        -0.310100 
   4         0.000000      -160.575000        -0.400800 
   5         0.000000      -160.636000        -0.461800 
   6         0.000000      -160.673200        -0.499000 
Li-Cl-c-.70-v-1.30
   0         0.000000      -164.918700         0.000000 
   1         0.000000      -164.983900        -0.065200 
   2         0.000000      -165.133900        -0.215200 
   3         0.000000      -165.279400        -0.360700 
   4         0.000000      -165.373300        -0.454600 
   5         0.000000      -165.426100        -0.507400 
   6         0.000000      -165.453700        -0.535000 
Li-Cl-c-.75-v-1.02
   0         0.000000       -32.997400         0.000000 
   1         0.000000       -32.837000         0.160400 
   2         0.000000       -32.405700         0.591700 
   3         0.000000       -31.923900         1.073500 
   4         0.000000       -31.755300         1.242100 
   5         0.000000       -32.041900         0.955500 
   6         0.000000       -32.346600         0.650800 
Li-Cl-c-.75-v-1.04
   0         0.000000       -50.877200         0.000000 
   1         0.000000       -50.746900         0.130300 
   2         0.000000       -50.392200         0.485000 
   3         0.000000       -49.993000         0.884200 
   4         0.000000       -49.859200         1.018000 
   5         0.000000       -50.116300         0.760900 
   6         0.000000       -50.386100         0.491100 
Li-Cl-c-.75-v-1.06
   0         0.000000       -66.896500         0.000000 
   1         0.000000       -66.792100         0.104400 
   2         0.000000       -66.506700         0.389800 
   3         0.000000       -66.179100         0.717400 
   4         0.000000       -66.079100         0.817400 
   5         0.000000       -66.259600         0.636900 
   6         0.000000       -66.548200         0.348300 
Li-Cl-c-.75-v-1.08
   0         0.000000       -81.286900         0.000000 
   1         0.000000       -81.206100         0.080800 
   2         0.000000       -80.982400         0.304500 
   3         0.000000       -80.682400         0.604500 
   4         0.000000       -80.649300         0.637600 
   5         0.000000       -80.856200         0.430700 
   6         0.000000       -81.066300         0.220600 
Li-Cl-c-.75-v-1.10
   0         0.000000       -94.245400         0.000000 
   1         0.000000       -94.186500         0.058900 
   2         0.000000       -94.016000         0.229400 
   3         0.000000       -93.818100         0.427300 
   4         0.000000       -93.768700         0.476700 
   5         0.000000       -93.954300         0.291100 
   6         0.000000       -94.138800         0.106600 
Li-Cl-c-.75-v-1.12
   0         0.000000      -105.946300         0.000000 
   1         0.000000      -105.906500         0.039800 
   2         0.000000      -105.786200         0.160100 
   3         0.000000      -105.640800         0.305500 
   4         0.000000      -105.614000         0.332300 
   5         0.000000      -105.780400         0.165900 
   6         0.000000      -105.941800         0.004500 
Li-Cl-c-.75-v-1.14
   0         0.000000      -116.537400         0.000000 
   1         0.000000      -116.514500         0.022900 
   2         0.000000      -116.438300         0.099100 
   3         0.000000      -116.340800         0.196600 
   4         0.000000      -116.334400         0.203000 
   5         0.000000      -116.483500         0.053900 
   6         0.000000      -116.624000        -0.086600 
Li-Cl-c-.75-v-1.16
   0         0.000000      -126.145600         0.000000 
   1         0.000000      -126.138000         0.007600 
   2         0.000000      -126.101600         0.044000 
   3         0.000000      -126.047900         0.097700 
   4         0.000000      -126.058600         0.087000 
   5         0.000000      -126.192200        -0.046600 
   6         0.000000      -126.313900        -0.168300 
Li-Cl-c-.75-v-1.18
   0         0.000000      -134.886400         0.000000 
   1         0.000000      -134.892600        -0.006200 
   2         0.000000      -134.891600        -0.005200 
   3         0.000000      -134.875400         0.011000 
   4         0.000000      -134.903400        -0.017000 
   5         0.000000      -135.022800        -0.136400 
   6         0.000000      -135.127400        -0.241000 
Li-Cl-c-.75-v-1.20
   0         0.000000      -142.855500         0.000000 
   1         0.000000      -142.874100        -0.018600 
   2         0.000000      -142.904900        -0.049400 
   3         0.000000      -142.923200        -0.067700 
   4         0.000000      -142.965800        -0.110300 
   5         0.000000      -143.072400        -0.216900 
   6         0.000000      -143.161600        -0.306100 
Li-Cl-c-.75-v-1.22
   0         0.000000      -150.133900         0.000000 
   1         0.000000      -150.163700        -0.029800 
   2         0.000000      -150.223100        -0.089200 
   3         0.000000      -150.272300        -0.138400 
   4         0.000000      -150.327900        -0.194000 
   5         0.000000      -150.422900        -0.289000 
   6         0.000000      -150.498100        -0.364200 
Li-Cl-c-.75-v-1.24
   0         0.000000      -156.802600         0.000000 
   1         0.000000      -156.842100        -0.039500 
   2         0.000000      -156.927600        -0.125000 
   3         0.000000      -157.004500        -0.201900 
   4         0.000000      -157.071700        -0.269100 
   5         0.000000      -157.156200        -0.353600 
   6         0.000000      -157.218700        -0.416100 
Li-Cl-c-.75-v-1.26
   0         0.000000      -162.913000         0.000000 
   1         0.000000      -162.961900        -0.048900 
   2         0.000000      -163.069800        -0.156800 
   3         0.000000      -163.171900        -0.258900 
   4         0.000000      -163.249500        -0.336500 
   5         0.000000      -163.324400        -0.411400 
   6         0.000000      -163.375300        -0.462300 
Li-Cl-c-.75-v-1.28
   0         0.000000      -168.528000         0.000000 
   1         0.000000      -168.585200        -0.057200 
   2         0.000000      -168.714300        -0.186300 
   3         0.000000      -168.838100        -0.310100 
   4         0.000000      -168.924900        -0.396900 
   5         0.000000      -168.991000        -0.463000 
   6         0.000000      -169.031500        -0.503500 
Li-Cl-c-.75-v-1.30
   0         0.000000      -173.691700         0.000000 
   1         0.000000      -173.756300        -0.064600 
   2         0.000000      -173.904100        -0.212400 
   3         0.000000      -174.047800        -0.356100 
   4         0.000000      -174.142600        -0.450900 
   5         0.000000      -174.200800        -0.509100 
   6         0.000000      -174.231600        -0.539900 
Li-Cl-c-.80-v-1.02
   0         0.000000       -30.571400         0.000000 
   1         0.000000       -30.409400         0.162000 
   2         0.000000       -29.973900         0.597500 
   3         0.000000       -29.488300         1.083100 
   4         0.000000       -29.320100         1.251300 
   5         0.000000       -29.610500         0.960900 
   6         0.000000       -29.917700         0.653700 
Li-Cl-c-.80-v-1.04
   0         0.000000       -49.765200         0.000000 
   1         0.000000       -49.632900         0.132300 
   2         0.000000       -49.274100         0.491100 
   3         0.000000       -48.871300         0.893900 
   4         0.000000       -48.737800         1.027400 
   5         0.000000       -48.998600         0.766600 
   6         0.000000       -49.271100         0.494100 
Li-Cl-c-.80-v-1.06
   0         0.000000       -66.985900         0.000000 
   1         0.000000       -66.880200         0.105700 
   2         0.000000       -66.589800         0.396100 
   3         0.000000       -66.261100         0.724800 
   4         0.000000       -66.158800         0.827100 
   5         0.000000       -66.393200         0.592700 
   6         0.000000       -66.634400         0.351500 
Li-Cl-c-.80-v-1.08
   0         0.000000       -82.475200         0.000000 
   1         0.000000       -82.393200         0.082000 
   2         0.000000       -82.164000         0.311200 
   3         0.000000       -81.931200         0.544000 
   4         0.000000       -81.827300         0.647900 
   5         0.000000       -82.038100         0.437100 
   6         0.000000       -82.251100         0.224100 
Li-Cl-c-.80-v-1.10
   0         0.000000       -96.438900         0.000000 
   1         0.000000       -96.378000         0.060900 
   2         0.000000       -96.203500         0.235400 
   3         0.000000       -95.989000         0.449900 
   4         0.000000       -95.951300         0.487600 
   5         0.000000       -96.141000         0.297900 
   6         0.000000       -96.328500         0.110400 
Li-Cl-c-.80-v-1.12
   0         0.000000      -109.059600         0.000000 
   1         0.000000      -109.017600         0.042000 
   2         0.000000      -108.892100         0.167500 
   3         0.000000      -108.742300         0.317300 
   4         0.000000      -108.715700         0.343900 
   5         0.000000      -108.886400         0.173200 
   6         0.000000      -109.050800         0.008800 
Li-Cl-c-.80-v-1.14
   0         0.000000      -120.492400         0.000000 
   1         0.000000      -120.467300         0.025100 
   2         0.000000      -120.385700         0.106700 
   3         0.000000      -120.283600         0.208800 
   4         0.000000      -120.277200         0.215200 
   5         0.000000      -120.430700         0.061700 
   6         0.000000      -120.574400        -0.082000 
Li-Cl-c-.80-v-1.16
   0         0.000000      -130.871500         0.000000 
   1         0.000000      -130.861500         0.010000 
   2         0.000000      -130.819100         0.052400 
   3         0.000000      -130.759600         0.111900 
   4         0.000000      -130.771400         0.100100 
   5         0.000000      -130.909500        -0.038000 
   6         0.000000      -131.034500        -0.163000 
Li-Cl-c-.80-v-1.18
   0         0.000000      -140.318200         0.000000 
   1         0.000000      -140.321900        -0.003700 
   2         0.000000      -140.314700         0.003500 
   3         0.000000      -140.293500         0.024700 
   4         0.000000      -140.321500        -0.003300 
   5         0.000000      -140.445600        -0.127400 
   6         0.000000      -140.553600        -0.235400 
Li-Cl-c-.80-v-1.20
   0         0.000000      -148.933900         0.000000 
   1         0.000000      -148.949700        -0.015800 
   2         0.000000      -148.974300        -0.040400 
   3         0.000000      -148.987300        -0.053400 
   4         0.000000      -149.029700        -0.095800 
   5         0.000000      -149.141200        -0.207300 
   6         0.000000      -149.234100        -0.300200 
Li-Cl-c-.80-v-1.22
   0         0.000000      -156.804700         0.000000 
   1         0.000000      -156.831700        -0.027000 
   2         0.000000      -156.884600        -0.079900 
   3         0.000000      -156.928300        -0.123600 
   4         0.000000      -156.983600        -0.178900 
   5         0.000000      -157.083700        -0.279000 
   6         0.000000      -157.162700        -0.358000 
Li-Cl-c-.80-v-1.24
   0         0.000000      -164.016600         0.000000 
   1         0.000000      -164.053400        -0.036800 
   2         0.000000      -164.131900        -0.115300 
   3         0.000000      -164.203100        -0.186500 
   4         0.000000      -164.269900        -0.253300 
   5         0.000000      -164.359700        -0.343100 
   6         0.000000      -164.426200        -0.409600 
Li-Cl-c-.80-v-1.26
   0         0.000000      -170.624900         0.000000 
   1         0.000000      -170.670900        -0.046000 
   2         0.000000      -170.772300        -0.147400 
   3         0.000000      -170.867700        -0.242800 
   4         0.000000      -170.945000        -0.320100 
   5         0.000000      -171.025300        -0.400400 
   6         0.000000      -171.080700        -0.455800 
Li-Cl-c-.80-v-1.28
   0         0.000000      -176.696500         0.000000 
   1         0.000000      -176.750700        -0.054200 
   2         0.000000      -176.872400        -0.175900 
   3         0.000000      -176.990000        -0.293500 
   4         0.000000      -177.076500        -0.380000 
   5         0.000000      -177.148200        -0.451700 
   6         0.000000      -177.193300        -0.496800 
Li-Cl-c-.80-v-1.30
   0         0.000000      -182.278400         0.000000 
   1         0.000000      -182.340000        -0.061600 
   2         0.000000      -182.480500        -0.202100 
   3         0.000000      -182.617600        -0.339200 
   4         0.000000      -182.712100        -0.433700 
   5         0.000000      -182.776000        -0.497600 
   6         0.000000      -182.811800        -0.533400 
Li-Cl-c-.85-v-1.02
   0         0.000000       -27.922200         0.000000 
   1         0.000000       -27.759300         0.162900 
   2         0.000000       -27.321900         0.600300 
   3         0.000000       -26.834900         1.087300 
   4         0.000000       -26.668000         1.254200 
   5         0.000000       -26.961100         0.961100 
   6         0.000000       -27.270100         0.652100 
Li-Cl-c-.85-v-1.04
   0         0.000000       -48.437600         0.000000 
   1         0.000000       -48.304100         0.133500 
   2         0.000000       -47.942500         0.495100 
   3         0.000000       -47.537300         0.900300 
   4         0.000000       -47.404500         1.033100 
   5         0.000000       -47.668200         0.769400 
   6         0.000000       -47.942500         0.495100 
Li-Cl-c-.85-v-1.06
   0         0.000000       -66.866000         0.000000 
   1         0.000000       -66.758800         0.107200 
   2         0.000000       -66.464800         0.401200 
   3         0.000000       -66.132800         0.733200 
   4         0.000000       -66.030700         0.835300 
   5         0.000000       -66.268000         0.598000 
   6         0.000000       -66.511100         0.354900 
Li-Cl-c-.85-v-1.08
   0         0.000000       -83.459200         0.000000 
   1         0.000000       -83.375300         0.083900 
   2         0.000000       -83.141700         0.317500 
   3         0.000000       -82.875200         0.584000 
   4         0.000000       -82.800700         0.658500 
   5         0.000000       -83.014500         0.444700 
   6         0.000000       -83.229400         0.229800 
Li-Cl-c-.85-v-1.10
   0         0.000000       -98.432300         0.000000 
   1         0.000000       -98.369200         0.063100 
   2         0.000000       -98.189400         0.242900 
   3         0.000000       -97.981600         0.450700 
   4         0.000000       -97.931900         0.500400 
   5         0.000000       -98.124600         0.307700 
   6         0.000000       -98.314100         0.118200 
Li-Cl-c-.85-v-1.12
   0         0.000000      -111.976200         0.000000 
   1         0.000000      -111.931600         0.044600 
   2         0.000000      -111.799900         0.176300 
   3         0.000000      -111.644600         0.331600 
   4         0.000000      -111.617100         0.359100 
   5         0.000000      -111.790900         0.185300 
   6         0.000000      -111.957500         0.018700 
Li-Cl-c-.85-v-1.14
   0         0.000000      -124.253300         0.000000 
   1         0.000000      -124.225200         0.028100 
   2         0.000000      -124.136600         0.116700 
   3         0.000000      -124.028200         0.225100 
   4         0.000000      -124.020700         0.232600 
   5         0.000000      -124.177500         0.075800 
   6         0.000000      -124.323500        -0.070200 
Li-Cl-c-.85-v-1.16
   0         0.000000      -135.404800         0.000000 
   1         0.000000      -135.391500         0.013300 
   2         0.000000      -135.341300         0.063500 
   3         0.000000      -135.274900         0.129900 
   4         0.000000      -135.285300         0.119500 
   5         0.000000      -135.426900        -0.022100 
   6         0.000000      -135.554300        -0.149500 
Li-Cl-c-.85-v-1.18
   0         0.000000      -145.558400         0.000000 
   1         0.000000      -145.558400         0.000000 
   2         0.000000      -145.542600         0.015800 
   3         0.000000      -145.513700         0.044700 
   4         0.000000      -145.540100         0.018300 
   5         0.000000      -145.668000        -0.109600 
   6         0.000000      -145.778600        -0.220200 
Li-Cl-c-.85-v-1.20
   0         0.000000      -154.821000         0.000000 
   1         0.000000      -154.832900        -0.011900 
   2         0.000000      -154.847900        -0.026900 
   3         0.000000      -154.852600        -0.031600 
   4         0.000000      -154.893300        -0.072300 
   5         0.000000      -155.008700        -0.187700 
   6         0.000000      -155.104400        -0.283400 
Li-Cl-c-.85-v-1.22
   0         0.000000      -163.284000         0.000000 
   1         0.000000      -163.306500        -0.022500 
   2         0.000000      -163.349100        -0.065100 
   3         0.000000      -163.383000        -0.099000 
   4         0.000000      -163.437300        -0.153300 
   5         0.000000      -163.541600        -0.257600 
   6         0.000000      -163.623600        -0.339600 
Li-Cl-c-.85-v-1.24
   0         0.000000      -171.038300         0.000000 
   1         0.000000      -171.070400        -0.032100 
   2         0.000000      -171.137700        -0.099400 
   3         0.000000      -171.199200        -0.160900 
   4         0.000000      -171.264100        -0.225800 
   5         0.000000      -171.358300        -0.320000 
   6         0.000000      -171.428100        -0.389800 
Li-Cl-c-.85-v-1.26
   0         0.000000      -178.143600         0.000000 
   1         0.000000      -178.184200        -0.040600 
   2         0.000000      -178.273700        -0.130100 
   3         0.000000      -178.359200        -0.215600 
   4         0.000000      -178.434300        -0.290700 
   5         0.000000      -178.519300        -0.375700 
   6         0.000000      -178.578000        -0.434400 
Li-Cl-c-.85-v-1.28
   0         0.000000      -184.670500         0.000000 
   1         0.000000      -184.718400        -0.047900 
   2         0.000000      -184.828100        -0.157600 
   3         0.000000      -184.935100        -0.264600 
   4         0.000000      -185.019300        -0.348800 
   5         0.000000      -185.096000        -0.425500 
   6         0.000000      -185.144700        -0.474200 
Li-Cl-c-.85-v-1.30
   0         0.000000      -190.669600         0.000000 
   1         0.000000      -190.724800        -0.055200 
   2         0.000000      -190.851700        -0.182100 
   3         0.000000      -190.978000        -0.308400 
   4         0.000000      -191.070100        -0.400500 
   5         0.000000      -191.139100        -0.469500 
   6         0.000000      -191.179100        -0.509500 
