Li-Br-c-.15-v-1.08
   0         0.000000       -47.526200         0.000000 
   1         0.000000       -47.334200         0.192000 
   2         0.000000       -46.825000         0.701200 
   3         0.000000       -46.257200         1.269000 
   4         0.000000       -46.025900         1.500300 
   5         0.000000       -46.287300         1.238900 
   6         0.000000       -46.594600         0.931600 
Li-Br-c-.15-v-1.10
   0         0.000000       -49.773000         0.000000 
   1         0.000000       -49.610700         0.162300 
   2         0.000000       -49.177600         0.595400 
   3         0.000000       -48.690300         1.082700 
   4         0.000000       -48.492900         1.280100 
   5         0.000000       -48.726600         1.046400 
   6         0.000000       -49.000700         0.772300 
Li-Br-c-.15-v-1.12
   0         0.000000       -51.442400         0.000000 
   1         0.000000       -51.306900         0.135500 
   2         0.000000       -50.941400         0.501000 
   3         0.000000       -50.527800         0.914600 
   4         0.000000       -50.361100         1.081300 
   5         0.000000       -50.569800         0.872600 
   6         0.000000       -50.813800         0.628600 
Li-Br-c-.15-v-1.14
   0         0.000000       -52.649800         0.000000 
   1         0.000000       -52.260400         0.389400 
   2         0.000000       -52.234700         0.415100 
   3         0.000000       -51.886300         0.763500 
   4         0.000000       -51.747600         0.902200 
   5         0.000000       -51.933800         0.716000 
   6         0.000000       -52.150900         0.498900 
Li-Br-c-.15-v-1.16
   0         0.000000       -53.490400         0.000000 
   1         0.000000       -53.400800         0.089600 
   2         0.000000       -53.153100         0.337300 
   3         0.000000       -52.801000         0.689400 
   4         0.000000       -52.751500         0.738900 
   5         0.000000       -52.917200         0.573200 
   6         0.000000       -53.108500         0.381900 
Li-Br-c-.15-v-1.18
   0         0.000000       -54.045200         0.000000 
   1         0.000000       -53.975300         0.069900 
   2         0.000000       -53.778600         0.266600 
   3         0.000000       -53.539600         0.505600 
   4         0.000000       -53.453100         0.592100 
   5         0.000000       -53.600400         0.444800 
   6         0.000000       -53.768800         0.276400 
Li-Br-c-.15-v-1.20
   0         0.000000       -54.380000         0.000000 
   1         0.000000       -54.327900         0.052100 
   2         0.000000       -54.176800         0.203200 
   3         0.000000       -53.990700         0.389300 
   4         0.000000       -53.920900         0.459100 
   5         0.000000       -54.050300         0.329700 
   6         0.000000       -54.198800         0.181200 
Li-Br-c-.15-v-1.22
   0         0.000000       -54.548800         0.000000 
   1         0.000000       -54.512600         0.036200 
   2         0.000000       -54.403000         0.145800 
   3         0.000000       -54.260800         0.288000 
   4         0.000000       -54.209600         0.339200 
   5         0.000000       -54.324700         0.224100 
   6         0.000000       -54.453300         0.095500 
Li-Br-c-.15-v-1.24
   0         0.000000       -54.591300         0.000000 
   1         0.000000       -54.569600         0.021700 
   2         0.000000       -54.497400         0.093900 
   3         0.000000       -54.394900         0.196400 
   4         0.000000       -54.360600         0.230700 
   5         0.000000       -54.461700         0.129600 
   6         0.000000       -54.573100         0.018200 
Li-Br-c-.15-v-1.26
   0         0.000000       -54.539100         0.000000 
   1         0.000000       -54.531000         0.008100 
   2         0.000000       -54.491700         0.047400 
   3         0.000000       -54.425200         0.113900 
   4         0.000000       -54.406100         0.133000 
   5         0.000000       -54.495000         0.044100 
   6         0.000000       -54.590200        -0.051100 
Li-Br-c-.15-v-1.28
   0         0.000000       -54.424100         0.000000 
   1         0.000000       -54.427500        -0.003400 
   2         0.000000       -54.418900         0.005200 
   3         0.000000       -54.382800         0.041300 
   4         0.000000       -54.379900         0.044200 
   5         0.000000       -54.456700        -0.032600 
   6         0.000000       -54.537500        -0.113400 
Li-Br-c-.15-v-1.30
   0         0.000000       -54.266000         0.000000 
   1         0.000000       -54.280900        -0.014900 
   2         0.000000       -54.299300        -0.033300 
   3         0.000000       -54.293800        -0.027800 
   4         0.000000       -54.299900        -0.033900 
   5         0.000000       -54.367600        -0.101600 
   6         0.000000       -54.435200        -0.169200 
Li-Br-c-.15-v-1.32
   0         0.000000       -54.079800         0.000000 
   1         0.000000       -54.104700        -0.024900 
   2         0.000000       -54.147200        -0.067400 
   3         0.000000       -54.168100        -0.088300 
   4         0.000000       -54.186300        -0.106500 
   5         0.000000       -54.243400        -0.163600 
   6         0.000000       -54.299000        -0.219200 
Li-Br-c-.15-v-1.34
   0         0.000000       -53.877300         0.000000 
   1         0.000000       -53.908400        -0.031100 
   2         0.000000       -53.975800        -0.098500 
   3         0.000000       -54.020100        -0.142800 
   4         0.000000       -54.048800        -0.171500 
   5         0.000000       -54.095700        -0.218400 
   6         0.000000       -54.140900        -0.263600 
Li-Br-c-.15-v-1.36
   0         0.000000       -53.668500         0.000000 
   1         0.000000       -53.709900        -0.041400 
   2         0.000000       -53.794800        -0.126300 
   3         0.000000       -53.860100        -0.191600 
   4         0.000000       -53.897400        -0.228900 
   5         0.000000       -53.937100        -0.268600 
   6         0.000000       -53.971600        -0.303100 
Li-Br-c-.20-v-1.08
   0         0.000000       -46.359600         0.000000 
   1         0.000000       -46.169900         0.189700 
   2         0.000000       -45.666800         0.692800 
   3         0.000000       -45.106100         1.253500 
   4         0.000000       -44.881100         1.478500 
   5         0.000000       -45.145900         1.213700 
   6         0.000000       -45.454300         0.905300 
Li-Br-c-.20-v-1.10
   0         0.000000       -49.793600         0.000000 
   1         0.000000       -49.633600         0.160000 
   2         0.000000       -49.206300         0.587300 
   3         0.000000       -48.726000         1.067600 
   4         0.000000       -48.534200         1.259400 
   5         0.000000       -48.771100         1.022500 
   6         0.000000       -49.046300         0.747300 
Li-Br-c-.20-v-1.12
   0         0.000000       -52.558100         0.000000 
   1         0.000000       -52.424800         0.133300 
   2         0.000000       -52.065700         0.492400 
   3         0.000000       -51.657300         0.900800 
   4         0.000000       -51.496800         1.061300 
   5         0.000000       -51.708500         0.849600 
   6         0.000000       -51.953200         0.604900 
Li-Br-c-.20-v-1.14
   0         0.000000       -54.776200         0.000000 
   1         0.000000       -54.666900         0.109300 
   2         0.000000       -54.369400         0.406800 
   3         0.000000       -54.027500         0.748700 
   4         0.000000       -53.893900         0.882300 
   5         0.000000       -54.082700         0.693500 
   6         0.000000       -54.299700         0.476500 
Li-Br-c-.20-v-1.16
   0         0.000000       -56.550300         0.000000 
   1         0.000000       -56.462800         0.087500 
   2         0.000000       -56.219900         0.330400 
   3         0.000000       -55.890200         0.660100 
   4         0.000000       -55.829800         0.720500 
   5         0.000000       -55.998000         0.552300 
   6         0.000000       -56.189800         0.360500 
Li-Br-c-.20-v-1.18
   0         0.000000       -57.968000         0.000000 
   1         0.000000       -57.900100         0.067900 
   2         0.000000       -57.708500         0.259500 
   3         0.000000       -57.479600         0.488400 
   4         0.000000       -57.393800         0.574200 
   5         0.000000       -57.543300         0.424700 
   6         0.000000       -57.712100         0.255900 
Li-Br-c-.20-v-1.20
   0         0.000000       -59.101200         0.000000 
   1         0.000000       -59.051100         0.050100 
   2         0.000000       -58.903500         0.197700 
   3         0.000000       -58.724500         0.376700 
   4         0.000000       -58.659200         0.442000 
   5         0.000000       -58.791600         0.309600 
   6         0.000000       -58.939600         0.161600 
Li-Br-c-.20-v-1.22
   0         0.000000       -60.008900         0.000000 
   1         0.000000       -59.974800         0.034100 
   2         0.000000       -59.869600         0.139300 
   3         0.000000       -59.733300         0.275600 
   4         0.000000       -59.686600         0.322300 
   5         0.000000       -59.803600         0.205300 
   6         0.000000       -59.932500         0.076400 
Li-Br-c-.20-v-1.24
   0         0.000000       -60.736000         0.000000 
   1         0.000000       -60.716500         0.019500 
   2         0.000000       -60.648400         0.087600 
   3         0.000000       -60.551500         0.184500 
   4         0.000000       -60.521600         0.214400 
   5         0.000000       -60.624900         0.111100 
   6         0.000000       -60.736300        -0.000300 
Li-Br-c-.20-v-1.26
   0         0.000000       -61.318100         0.000000 
   1         0.000000       -61.311800         0.006300 
   2         0.000000       -61.277000         0.041100 
   3         0.000000       -61.214500         0.103600 
   4         0.000000       -61.201400         0.116700 
   5         0.000000       -61.291500         0.026600 
   6         0.000000       -61.387500        -0.069400 
Li-Br-c-.20-v-1.28
   0         0.000000       -61.791600         0.000000 
   1         0.000000       -61.797400        -0.005800 
   2         0.000000       -61.791300         0.000300 
   3         0.000000       -61.764100         0.027500 
   4         0.000000       -61.763500         0.028100 
   5         0.000000       -61.841400        -0.049800 
   6         0.000000       -61.923100        -0.131500 
Li-Br-c-.20-v-1.30
   0         0.000000       -62.179600         0.000000 
   1         0.000000       -62.196200        -0.016600 
   2         0.000000       -62.219100        -0.039500 
   3         0.000000       -62.240000        -0.060400 
   4         0.000000       -62.231100        -0.051500 
   5         0.000000       -62.298600        -0.119000 
   6         0.000000       -62.366800        -0.187200 
Li-Br-c-.20-v-1.32
   0         0.000000       -62.500600         0.000000 
   1         0.000000       -62.527100        -0.026500 
   2         0.000000       -62.574200        -0.073600 
   3         0.000000       -62.600900        -0.100300 
   4         0.000000       -62.623800        -0.123200 
   5         0.000000       -62.681900        -0.181300 
   6         0.000000       -62.737600        -0.237000 
Li-Br-c-.20-v-1.34
   0         0.000000       -62.769400         0.000000 
   1         0.000000       -62.804600        -0.035200 
   2         0.000000       -62.874200        -0.104800 
   3         0.000000       -63.009900        -0.240500 
   4         0.000000       -62.957000        -0.187600 
   5         0.000000       -63.006200        -0.236800 
   6         0.000000       -63.050900        -0.281500 
Li-Br-c-.20-v-1.36
   0         0.000000       -62.998900         0.000000 
   1         0.000000       -63.042000        -0.043100 
   2         0.000000       -63.131700        -0.132800 
   3         0.000000       -63.202700        -0.203800 
   4         0.000000       -63.243900        -0.245000 
   5         0.000000       -63.285500        -0.286600 
   6         0.000000       -63.320100        -0.321200 
Li-Br-c-.25-v-1.08
   0         0.000000       -45.077700         0.000000 
   1         0.000000       -44.890100         0.187600 
   2         0.000000       -44.392600         0.685100 
   3         0.000000       -43.838500         1.239200 
   4         0.000000       -43.619500         1.458200 
   5         0.000000       -43.888200         1.189500 
   6         0.000000       -44.197500         0.880200 
Li-Br-c-.25-v-1.10
   0         0.000000       -49.699100         0.000000 
   1         0.000000       -49.541200         0.157900 
   2         0.000000       -49.119200         0.579900 
   3         0.000000       -48.645400         1.053700 
   4         0.000000       -48.459400         1.239700 
   5         0.000000       -48.700000         0.999100 
   6         0.000000       -48.975800         0.723300 
Li-Br-c-.25-v-1.12
   0         0.000000       -53.559100         0.000000 
   1         0.000000       -53.426900         0.132200 
   2         0.000000       -53.074000         0.485100 
   3         0.000000       -52.672600         0.886500 
   4         0.000000       -52.516000         1.043100 
   5         0.000000       -52.731800         0.827300 
   6         0.000000       -52.977200         0.581900 
Li-Br-c-.25-v-1.14
   0         0.000000       -56.788000         0.000000 
   1         0.000000       -56.680700         0.107300 
   2         0.000000       -56.387400         0.400600 
   3         0.000000       -55.970000         0.818000 
   4         0.000000       -55.924100         0.863900 
   5         0.000000       -56.116100         0.671900 
   6         0.000000       -56.333700         0.454300 
Li-Br-c-.25-v-1.16
   0         0.000000       -59.495500         0.000000 
   1         0.000000       -59.409800         0.085700 
   2         0.000000       -59.171900         0.323600 
   3         0.000000       -58.896600         0.598900 
   4         0.000000       -58.793000         0.702500 
   5         0.000000       -58.963800         0.531700 
   6         0.000000       -59.156200         0.339300 
Li-Br-c-.25-v-1.18
   0         0.000000       -61.775300         0.000000 
   1         0.000000       -61.709300         0.066000 
   2         0.000000       -61.522500         0.252800 
   3         0.000000       -61.299700         0.475600 
   4         0.000000       -61.218600         0.556700 
   5         0.000000       -61.370600         0.404700 
   6         0.000000       -61.539800         0.235500 
Li-Br-c-.25-v-1.20
   0         0.000000       -63.705400         0.000000 
   1         0.000000       -63.656000         0.049400 
   2         0.000000       -63.514300         0.191100 
   3         0.000000       -63.341100         0.364300 
   4         0.000000       -63.279200         0.426200 
   5         0.000000       -63.415300         0.290100 
   6         0.000000       -63.563600         0.141800 
Li-Br-c-.25-v-1.22
   0         0.000000       -65.350300         0.000000 
   1         0.000000       -65.318000         0.032300 
   2         0.000000       -65.217200         0.133100 
   3         0.000000       -65.086600         0.263700 
   4         0.000000       -65.044600         0.305700 
   5         0.000000       -65.163500         0.186800 
   6         0.000000       -65.292900         0.057400 
Li-Br-c-.25-v-1.24
   0         0.000000       -66.759600         0.000000 
   1         0.000000       -66.741800         0.017800 
   2         0.000000       -66.677800         0.081800 
   3         0.000000       -66.631700         0.127900 
   4         0.000000       -66.561800         0.197800 
   5         0.000000       -66.666700         0.092900 
   6         0.000000       -66.778500        -0.018900 
Li-Br-c-.25-v-1.26
   0         0.000000       -67.973600         0.000000 
   1         0.000000       -67.969000         0.004600 
   2         0.000000       -67.938700         0.034900 
   3         0.000000       -67.883200         0.090400 
   4         0.000000       -67.873100         0.100500 
   5         0.000000       -67.965200         0.008400 
   6         0.000000       -68.061100        -0.087500 
Li-Br-c-.25-v-1.28
   0         0.000000       -69.032500         0.000000 
   1         0.000000       -69.039600        -0.007100 
   2         0.000000       -69.039400        -0.006900 
   3         0.000000       -69.016600         0.015900 
   4         0.000000       -69.020200         0.012300 
   5         0.000000       -69.100500        -0.068000 
   6         0.000000       -69.181900        -0.149400 
Li-Br-c-.25-v-1.30
   0         0.000000       -69.963500         0.000000 
   1         0.000000       -69.955100         0.008400 
   2         0.000000       -70.008900        -0.045400 
   3         0.000000       -70.014700        -0.051200 
   4         0.000000       -70.029900        -0.066400 
   5         0.000000       -70.100200        -0.136700 
   6         0.000000       -70.168400        -0.204900 
Li-Br-c-.25-v-1.32
   0         0.000000       -70.788400         0.000000 
   1         0.000000       -70.816300        -0.027900 
   2         0.000000       -70.868200        -0.079800 
   3         0.000000       -70.900200        -0.111800 
   4         0.000000       -70.927200        -0.138800 
   5         0.000000       -70.986900        -0.198500 
   6         0.000000       -71.043000        -0.254600 
Li-Br-c-.25-v-1.34
   0         0.000000       -71.525000         0.000000 
   1         0.000000       -71.561700        -0.036700 
   2         0.000000       -71.635900        -0.110900 
   3         0.000000       -71.691800        -0.166800 
   4         0.000000       -71.728400        -0.203400 
   5         0.000000       -71.779300        -0.254300 
   6         0.000000       -71.824100        -0.299100 
Li-Br-c-.25-v-1.36
   0         0.000000       -72.189300         0.000000 
   1         0.000000       -72.234000        -0.044700 
   2         0.000000       -72.328000        -0.138700 
   3         0.000000       -72.402400        -0.213100 
   4         0.000000       -72.450700        -0.261400 
   5         0.000000       -72.491900        -0.302600 
   6         0.000000       -72.528100        -0.338800 
Li-Br-c-.30-v-1.08
   0         0.000000       -43.684600         0.000000 
   1         0.000000       -43.499100         0.185500 
   2         0.000000       -43.006800         0.677800 
   3         0.000000       -42.505100         1.179500 
   4         0.000000       -42.244600         1.440000 
   5         0.000000       -42.516800         1.167800 
   6         0.000000       -42.827200         0.857400 
Li-Br-c-.30-v-1.10
   0         0.000000       -49.493600         0.000000 
   1         0.000000       -49.337600         0.156000 
   2         0.000000       -48.920700         0.572900 
   3         0.000000       -48.452800         1.040800 
   4         0.000000       -48.271600         1.222000 
   5         0.000000       -48.515500         0.978100 
   6         0.000000       -48.792300         0.701300 
Li-Br-c-.30-v-1.12
   0         0.000000       -54.448700         0.000000 
   1         0.000000       -54.319300         0.129400 
   2         0.000000       -53.970100         0.478600 
   3         0.000000       -53.575100         0.873600 
   4         0.000000       -53.424100         1.024600 
   5         0.000000       -53.642000         0.806700 
   6         0.000000       -53.888300         0.560400 
Li-Br-c-.30-v-1.14
   0         0.000000       -58.688100         0.000000 
   1         0.000000       -58.581900         0.106200 
   2         0.000000       -58.295200         0.392900 
   3         0.000000       -57.965500         0.722600 
   4         0.000000       -57.841800         0.846300 
   5         0.000000       -58.036400         0.651700 
   6         0.000000       -58.254800         0.433300 
Li-Br-c-.30-v-1.16
   0         0.000000       -62.328100         0.000000 
   1         0.000000       -62.244400         0.083700 
   2         0.000000       -62.012300         0.315800 
   3         0.000000       -61.741700         0.586400 
   4         0.000000       -61.641700         0.686400 
   5         0.000000       -61.815200         0.512900 
   6         0.000000       -62.009300         0.318800 
Li-Br-c-.30-v-1.18
   0         0.000000       -65.469100         0.000000 
   1         0.000000       -65.404900         0.064200 
   2         0.000000       -65.222700         0.246400 
   3         0.000000       -65.005600         0.463500 
   4         0.000000       -64.929100         0.540000 
   5         0.000000       -65.083600         0.385500 
   6         0.000000       -65.253500         0.215600 
Li-Br-c-.30-v-1.20
   0         0.000000       -68.194500         0.000000 
   1         0.000000       -68.147900         0.046600 
   2         0.000000       -68.009800         0.184700 
   3         0.000000       -67.842100         0.352400 
   4         0.000000       -67.786100         0.408400 
   5         0.000000       -67.923300         0.271200 
   6         0.000000       -68.072100         0.122400 
Li-Br-c-.30-v-1.22
   0         0.000000       -70.574500         0.000000 
   1         0.000000       -70.543900         0.030600 
   2         0.000000       -70.447700         0.126800 
   3         0.000000       -70.322600         0.251900 
   4         0.000000       -70.285000         0.289500 
   5         0.000000       -70.405100         0.169400 
   6         0.000000       -70.536100         0.038400 
Li-Br-c-.30-v-1.24
   0         0.000000       -72.663700         0.000000 
   1         0.000000       -72.647000         0.016700 
   2         0.000000       -72.587600         0.076100 
   3         0.000000       -72.502500         0.161200 
   4         0.000000       -72.481700         0.182000 
   5         0.000000       -72.588900         0.074800 
   6         0.000000       -72.701000        -0.037300 
Li-Br-c-.30-v-1.26
   0         0.000000       -74.506700         0.000000 
   1         0.000000       -74.503700         0.003000 
   2         0.000000       -74.476800         0.029900 
   3         0.000000       -74.427700         0.079000 
   4         0.000000       -74.422000         0.084700 
   5         0.000000       -74.515100        -0.008400 
   6         0.000000       -74.612400        -0.105700 
Li-Br-c-.30-v-1.28
   0         0.000000       -76.148200         0.000000 
   1         0.000000       -76.156500        -0.008300 
   2         0.000000       -76.161600        -0.013400 
   3         0.000000       -76.287100        -0.138900 
   4         0.000000       -76.151100        -0.002900 
   5         0.000000       -76.233700        -0.085500 
   6         0.000000       -76.315400        -0.167200 
Li-Br-c-.30-v-1.30
   0         0.000000       -77.619000         0.000000 
   1         0.000000       -77.638700        -0.019700 
   2         0.000000       -77.669700        -0.050700 
   3         0.000000       -77.681500        -0.062500 
   4         0.000000       -77.700600        -0.081600 
   5         0.000000       -77.773100        -0.154100 
   6         0.000000       -77.841500        -0.222500 
Li-Br-c-.30-v-1.32
   0         0.000000       -78.944400         0.000000 
   1         0.000000       -78.973900        -0.029500 
   2         0.000000       -79.030000        -0.085600 
   3         0.000000       -79.067400        -0.123000 
   4         0.000000       -79.098500        -0.154100 
   5         0.000000       -79.158600        -0.214200 
   6         0.000000       -79.216500        -0.272100 
Li-Br-c-.30-v-1.34
   0         0.000000       -80.145300         0.000000 
   1         0.000000       -80.183700        -0.038400 
   2         0.000000       -80.261100        -0.115800 
   3         0.000000       -80.323100        -0.177800 
   4         0.000000       -80.364100        -0.218800 
   5         0.000000       -80.416600        -0.271300 
   6         0.000000       -80.461900        -0.316600 
Li-Br-c-.30-v-1.36
   0         0.000000       -81.240900         0.000000 
   1         0.000000       -81.286700        -0.045800 
   2         0.000000       -81.382500        -0.141600 
   3         0.000000       -81.467900        -0.227000 
   4         0.000000       -81.517800        -0.276900 
   5         0.000000       -81.562100        -0.321200 
   6         0.000000       -81.597100        -0.356200 
Li-Br-c-.35-v-1.08
   0         0.000000       -42.181300         0.000000 
   1         0.000000       -41.997900         0.183400 
   2         0.000000       -41.510500         0.670800 
   3         0.000000       -40.967500         1.213800 
   4         0.000000       -40.757400         1.423900 
   5         0.000000       -41.032900         1.148400 
   6         0.000000       -41.344400         0.836900 
Li-Br-c-.35-v-1.10
   0         0.000000       -49.178300         0.000000 
   1         0.000000       -49.024400         0.153900 
   2         0.000000       -48.612200         0.566100 
   3         0.000000       -48.149500         1.028800 
   4         0.000000       -47.972700         1.205600 
   5         0.000000       -48.219400         0.958900 
   6         0.000000       -48.497200         0.681100 
Li-Br-c-.35-v-1.12
   0         0.000000       -55.228600         0.000000 
   1         0.000000       -55.100700         0.127900 
   2         0.000000       -54.756500         0.472100 
   3         0.000000       -54.366900         0.861700 
   4         0.000000       -54.220100         1.008500 
   5         0.000000       -54.440900         0.787700 
   6         0.000000       -54.688100         0.540500 
Li-Br-c-.35-v-1.14
   0         0.000000       -60.478000         0.000000 
   1         0.000000       -60.374500         0.103500 
   2         0.000000       -60.091600         0.386400 
   3         0.000000       -59.767100         0.710900 
   4         0.000000       -59.647700         0.830300 
   5         0.000000       -59.845200         0.632800 
   6         0.000000       -60.064300         0.413700 
Li-Br-c-.35-v-1.16
   0         0.000000       -65.049700         0.000000 
   1         0.000000       -64.967700         0.082000 
   2         0.000000       -64.740100         0.309600 
   3         0.000000       -64.474800         0.574900 
   4         0.000000       -64.380300         0.669400 
   5         0.000000       -64.556600         0.493100 
   6         0.000000       -64.750300         0.299400 
Li-Br-c-.35-v-1.18
   0         0.000000       -69.050500         0.000000 
   1         0.000000       -68.987900         0.062600 
   2         0.000000       -68.810200         0.240300 
   3         0.000000       -68.522300         0.528200 
   4         0.000000       -68.526500         0.524000 
   5         0.000000       -68.683500         0.367000 
   6         0.000000       -68.854000         0.196500 
Li-Br-c-.35-v-1.20
   0         0.000000       -72.569600         0.000000 
   1         0.000000       -72.524700         0.044900 
   2         0.000000       -72.392000         0.177600 
   3         0.000000       -72.228600         0.341000 
   4         0.000000       -72.175900         0.393700 
   5         0.000000       -72.316300         0.253300 
   6         0.000000       -72.466000         0.103600 
Li-Br-c-.35-v-1.22
   0         0.000000       -75.682600         0.000000 
   1         0.000000       -75.653200         0.029400 
   2         0.000000       -75.561700         0.120900 
   3         0.000000       -75.441900         0.240700 
   4         0.000000       -75.408800         0.273800 
   5         0.000000       -75.531400         0.151200 
   6         0.000000       -75.662700         0.019900 
Li-Br-c-.35-v-1.24
   0         0.000000       -78.449100         0.000000 
   1         0.000000       -78.434600         0.014500 
   2         0.000000       -78.379400         0.069700 
   3         0.000000       -78.299200         0.149900 
   4         0.000000       -78.282700         0.166400 
   5         0.000000       -78.392000         0.057100 
   6         0.000000       -78.504700        -0.055600 
Li-Br-c-.35-v-1.26
   0         0.000000       -80.918500         0.000000 
   1         0.000000       -80.917100         0.001400 
   2         0.000000       -80.894700         0.023800 
   3         0.000000       -80.850700         0.067800 
   4         0.000000       -80.848400         0.070100 
   5         0.000000       -80.945400        -0.026900 
   6         0.000000       -81.042100        -0.123600 
Li-Br-c-.35-v-1.28
   0         0.000000       -83.139600         0.000000 
   1         0.000000       -83.149500        -0.009900 
   2         0.000000       -83.157900        -0.018300 
   3         0.000000       -83.146000        -0.006400 
   4         0.000000       -83.158100        -0.018500 
   5         0.000000       -83.242300        -0.102700 
   6         0.000000       -83.324400        -0.184800 
Li-Br-c-.35-v-1.30
   0         0.000000       -85.147000         0.000000 
   1         0.000000       -85.168000        -0.021000 
   2         0.000000       -85.203900        -0.056900 
   3         0.000000       -85.219500        -0.072500 
   4         0.000000       -85.244800        -0.097800 
   5         0.000000       -85.318200        -0.171200 
   6         0.000000       -85.387000        -0.240000 
Li-Br-c-.35-v-1.32
   0         0.000000       -86.969500         0.000000 
   1         0.000000       -87.000100        -0.030600 
   2         0.000000       -87.060700        -0.091200 
   3         0.000000       -87.103700        -0.134200 
   4         0.000000       -87.138900        -0.169400 
   5         0.000000       -87.202300        -0.232800 
   6         0.000000       -87.259000        -0.289500 
Li-Br-c-.35-v-1.34
   0         0.000000       -88.631500         0.000000 
   1         0.000000       -88.671100        -0.039600 
   2         0.000000       -88.753400        -0.121900 
   3         0.000000       -88.820200        -0.188700 
   4         0.000000       -88.865700        -0.234200 
   5         0.000000       -88.919200        -0.287700 
   6         0.000000       -88.965200        -0.333700 
Li-Br-c-.35-v-1.36
   0         0.000000       -90.154700         0.000000 
   1         0.000000       -90.202500        -0.047800 
   2         0.000000       -90.305100        -0.150400 
   3         0.000000       -90.392900        -0.238200 
   4         0.000000       -90.447000        -0.292300 
   5         0.000000       -90.492700        -0.338000 
   6         0.000000       -90.528100        -0.373400 
Li-Br-c-.40-v-1.08
   0         0.000000       -40.567900         0.000000 
   1         0.000000       -40.386500         0.181400 
   2         0.000000       -39.903900         0.664000 
   3         0.000000       -39.365200         1.202700 
   4         0.000000       -39.158800         1.409100 
   5         0.000000       -39.437600         1.130300 
   6         0.000000       -39.750200         0.817700 
Li-Br-c-.40-v-1.10
   0         0.000000       -48.753900         0.000000 
   1         0.000000       -48.565900         0.188000 
   2         0.000000       -48.194200         0.559700 
   3         0.000000       -47.736100         1.017800 
   4         0.000000       -47.562900         1.191000 
   5         0.000000       -47.812800         0.941100 
   6         0.000000       -48.091700         0.662200 
Li-Br-c-.40-v-1.12
   0         0.000000       -55.899500         0.000000 
   1         0.000000       -55.773900         0.125600 
   2         0.000000       -55.434000         0.465500 
   3         0.000000       -55.048500         0.851000 
   4         0.000000       -54.905200         0.994300 
   5         0.000000       -55.129500         0.770000 
   6         0.000000       -55.377600         0.521900 
Li-Br-c-.40-v-1.14
   0         0.000000       -62.158300         0.000000 
   1         0.000000       -62.056600         0.101700 
   2         0.000000       -61.777800         0.380500 
   3         0.000000       -61.458100         0.700200 
   4         0.000000       -61.342700         0.815600 
   5         0.000000       -61.542400         0.615900 
   6         0.000000       -61.763000         0.395300 
Li-Br-c-.40-v-1.16
   0         0.000000       -67.660700         0.000000 
   1         0.000000       -67.580300         0.080400 
   2         0.000000       -67.356800         0.303900 
   3         0.000000       -67.096500         0.564200 
   4         0.000000       -67.005200         0.655500 
   5         0.000000       -67.185000         0.475700 
   6         0.000000       -67.379500         0.281200 
Li-Br-c-.40-v-1.18
   0         0.000000       -72.519800         0.000000 
   1         0.000000       -72.458800         0.061000 
   2         0.000000       -72.285200         0.234600 
   3         0.000000       -72.078500         0.441300 
   4         0.000000       -72.010600         0.509200 
   5         0.000000       -72.170200         0.349600 
   6         0.000000       -72.341500         0.178300 
Li-Br-c-.40-v-1.20
   0         0.000000       -76.830800         0.000000 
   1         0.000000       -76.787400         0.043400 
   2         0.000000       -76.658800         0.172000 
   3         0.000000       -76.500500         0.330300 
   4         0.000000       -76.452800         0.378000 
   5         0.000000       -76.594900         0.235900 
   6         0.000000       -76.745200         0.085600 
Li-Br-c-.40-v-1.22
   0         0.000000       -80.674700         0.000000 
   1         0.000000       -80.646900         0.027800 
   2         0.000000       -80.559400         0.115300 
   3         0.000000       -80.445100         0.229600 
   4         0.000000       -80.415400         0.259300 
   5         0.000000       -80.541600         0.133100 
   6         0.000000       -80.672600         0.002100 
Li-Br-c-.40-v-1.24
   0         0.000000       -84.116200         0.000000 
   1         0.000000       -84.103200         0.013000 
   2         0.000000       -84.052200         0.064000 
   3         0.000000       -83.976400         0.139800 
   4         0.000000       -83.964800         0.151400 
   5         0.000000       -84.076400         0.039800 
   6         0.000000       -84.189400        -0.073200 
Li-Br-c-.40-v-1.26
   0         0.000000       -87.209200         0.000000 
   1         0.000000       -87.209300        -0.000100 
   2         0.000000       -87.191100         0.018100 
   3         0.000000       -87.152200         0.057000 
   4         0.000000       -87.155000         0.054200 
   5         0.000000       -87.252600        -0.043400 
   6         0.000000       -87.350300        -0.141100 
Li-Br-c-.40-v-1.28
   0         0.000000       -90.006900         0.000000 
   1         0.000000       -90.018200        -0.011300 
   2         0.000000       -90.031300        -0.024400 
   3         0.000000       -90.024200        -0.017300 
   4         0.000000       -90.040400        -0.033500 
   5         0.000000       -90.126700        -0.119800 
   6         0.000000       -90.209100        -0.202200 
Li-Br-c-.40-v-1.30
   0         0.000000       -92.547800         0.000000 
   1         0.000000       -92.570600        -0.022800 
   2         0.000000       -92.610300        -0.062500 
   3         0.000000       -92.632300        -0.084500 
   4         0.000000       -92.660600        -0.112800 
   5         0.000000       -92.736100        -0.188300 
   6         0.000000       -92.805000        -0.257200 
Li-Br-c-.40-v-1.32
   0         0.000000       -94.864400         0.000000 
   1         0.000000       -94.896400        -0.032000 
   2         0.000000       -94.961300        -0.096900 
   3         0.000000       -94.898200        -0.033800 
   4         0.000000       -95.048800        -0.184400 
   5         0.000000       -95.113100        -0.248700 
   6         0.000000       -95.170900        -0.306500 
Li-Br-c-.40-v-1.34
   0         0.000000       -96.984100         0.000000 
   1         0.000000       -97.024900        -0.040800 
   2         0.000000       -97.111900        -0.127800 
   3         0.000000       -97.183800        -0.199700 
   4         0.000000       -97.233200        -0.249100 
   5         0.000000       -97.289100        -0.305000 
   6         0.000000       -97.334800        -0.350700 
Li-Br-c-.40-v-1.36
   0         0.000000       -98.931800         0.000000 
   1         0.000000       -98.980800        -0.049000 
   2         0.000000       -99.087500        -0.155700 
   3         0.000000       -99.126700        -0.194900 
   4         0.000000       -99.238800        -0.307000 
   5         0.000000       -99.286400        -0.354600 
   6         0.000000       -99.322100        -0.390300 
Li-Br-c-.45-v-1.08
   0         0.000000       -38.844600         0.000000 
   1         0.000000       -38.665200         0.179400 
   2         0.000000       -38.186300         0.658300 
   3         0.000000       -37.652200         1.192400 
   4         0.000000       -37.450000         1.394600 
   5         0.000000       -37.732000         1.112600 
   6         0.000000       -38.045500         0.799100 
Li-Br-c-.45-v-1.10
   0         0.000000       -48.219900         0.000000 
   1         0.000000       -48.069700         0.150200 
   2         0.000000       -47.665900         0.554000 
   3         0.000000       -47.212100         1.007800 
   4         0.000000       -47.043100         1.176800 
   5         0.000000       -47.296200         0.923700 
   6         0.000000       -47.575900         0.644000 
Li-Br-c-.45-v-1.12
   0         0.000000       -56.460600         0.000000 
   1         0.000000       -56.336600         0.124000 
   2         0.000000       -56.000500         0.460100 
   3         0.000000       -55.619600         0.841000 
   4         0.000000       -55.480700         0.979900 
   5         0.000000       -55.707600         0.753000 
   6         0.000000       -55.956600         0.504000 
Li-Br-c-.45-v-1.14
   0         0.000000       -63.728200         0.000000 
   1         0.000000       -63.628000         0.100200 
   2         0.000000       -63.353000         0.375200 
   3         0.000000       -63.037800         0.690400 
   4         0.000000       -62.926500         0.801700 
   5         0.000000       -63.129700         0.598500 
   6         0.000000       -63.350500         0.377700 
Li-Br-c-.45-v-1.16
   0         0.000000       -70.160100         0.000000 
   1         0.000000       -70.081200         0.078900 
   2         0.000000       -69.861500         0.298600 
   3         0.000000       -69.605700         0.554400 
   4         0.000000       -69.519200         0.640900 
   5         0.000000       -69.701100         0.459000 
   6         0.000000       -69.896300         0.263800 
Li-Br-c-.45-v-1.18
   0         0.000000       -75.876100         0.000000 
   1         0.000000       -75.816500         0.059600 
   2         0.000000       -75.646600         0.229500 
   3         0.000000       -75.444600         0.431500 
   4         0.000000       -75.380900         0.495200 
   5         0.000000       -75.543100         0.333000 
   6         0.000000       -75.714800         0.161300 
Li-Br-c-.45-v-1.20
   0         0.000000       -80.977100         0.000000 
   1         0.000000       -80.935000         0.042100 
   2         0.000000       -80.810400         0.166700 
   3         0.000000       -80.656800         0.320300 
   4         0.000000       -80.613000         0.364100 
   5         0.000000       -80.758000         0.219100 
   6         0.000000       -80.908500         0.068600 
Li-Br-c-.45-v-1.22
   0         0.000000       -85.549800         0.000000 
   1         0.000000       -85.523400         0.026400 
   2         0.000000       -85.439800         0.110000 
   3         0.000000       -85.330100         0.219700 
   4         0.000000       -85.304600         0.245200 
   5         0.000000       -85.433600         0.116200 
   6         0.000000       -85.564700        -0.014900 
Li-Br-c-.45-v-1.24
   0         0.000000       -89.663800         0.000000 
   1         0.000000       -89.652200         0.011600 
   2         0.000000       -89.605100         0.058700 
   3         0.000000       -89.535000         0.128800 
   4         0.000000       -89.526800         0.137000 
   5         0.000000       -89.640100         0.023700 
   6         0.000000       -89.753900        -0.090100 
Li-Br-c-.45-v-1.26
   0         0.000000       -93.377800         0.000000 
   1         0.000000       -93.378800        -0.001000 
   2         0.000000       -93.365700         0.012100 
   3         0.000000       -93.331300         0.046500 
   4         0.000000       -93.338100         0.039700 
   5         0.000000       -93.438000        -0.060200 
   6         0.000000       -93.535900        -0.158100 
Li-Br-c-.45-v-1.28
   0         0.000000       -96.749400         0.000000 
   1         0.000000       -96.762800        -0.013400 
   2         0.000000       -96.779300        -0.029900 
   3         0.000000       -96.755000        -0.005600 
   4         0.000000       -96.797500        -0.048100 
   5         0.000000       -96.885900        -0.136500 
   6         0.000000       -96.968500        -0.219100 
Li-Br-c-.45-v-1.30
   0         0.000000       -99.821100         0.000000 
   1         0.000000       -99.844900        -0.023800 
   2         0.000000       -99.889100        -0.068000 
   3         0.000000       -99.885500        -0.064400 
   4         0.000000       -99.948200        -0.127100 
   5         0.000000      -100.025800        -0.204700 
   6         0.000000      -100.095100        -0.274000 
Li-Br-c-.45-v-1.32
   0         0.000000      -102.628700         0.000000 
   1         0.000000      -102.662700        -0.034000 
   2         0.000000      -102.729900        -0.101200 
   3         0.000000      -102.784300        -0.155600 
   4         0.000000      -102.826800        -0.198100 
   5         0.000000      -102.894900        -0.266200 
   6         0.000000      -102.952000        -0.323300 
Li-Br-c-.45-v-1.34
   0         0.000000      -105.203200         0.000000 
   1         0.000000      -105.245300        -0.042100 
   2         0.000000      -105.336200        -0.133000 
   3         0.000000      -105.395800        -0.192600 
   4         0.000000      -105.466700        -0.263500 
   5         0.000000      -105.523900        -0.320700 
   6         0.000000      -105.570700        -0.367500 
Li-Br-c-.45-v-1.36
   0         0.000000      -107.572200         0.000000 
   1         0.000000      -107.622800        -0.050600 
   2         0.000000      -107.733600        -0.161400 
   3         0.000000      -107.831800        -0.259600 
   4         0.000000      -107.893900        -0.321700 
   5         0.000000      -107.943300        -0.371100 
   6         0.000000      -107.979300        -0.407100 
Li-Br-c-.50-v-1.08
   0         0.000000       -37.010000         0.000000 
   1         0.000000       -36.831900         0.178100 
   2         0.000000       -36.356600         0.653400 
   3         0.000000       -35.827100         1.182900 
   4         0.000000       -35.629500         1.380500 
   5         0.000000       -35.915100         1.094900 
   6         0.000000       -36.229200         0.780800 
Li-Br-c-.50-v-1.10
   0         0.000000       -47.574000         0.000000 
   1         0.000000       -47.425000         0.149000 
   2         0.000000       -47.024700         0.549300 
   3         0.000000       -46.575500         0.998500 
   4         0.000000       -46.411100         1.162900 
   5         0.000000       -46.667400         0.906600 
   6         0.000000       -46.947700         0.626300 
Li-Br-c-.50-v-1.12
   0         0.000000       -56.909100         0.000000 
   1         0.000000       -56.786100         0.123000 
   2         0.000000       -56.453400         0.455700 
   3         0.000000       -56.077300         0.831800 
   4         0.000000       -55.942800         0.966300 
   5         0.000000       -56.172800         0.736300 
   6         0.000000       -56.422300         0.486800 
Li-Br-c-.50-v-1.14
   0         0.000000       -65.184500         0.000000 
   1         0.000000       -65.085500         0.099000 
   2         0.000000       -64.814000         0.370500 
   3         0.000000       -64.503300         0.681200 
   4         0.000000       -64.396200         0.788300 
   5         0.000000       -64.602200         0.582300 
   6         0.000000       -64.823500         0.361000 
Li-Br-c-.50-v-1.16
   0         0.000000       -72.544500         0.000000 
   1         0.000000       -72.467000         0.077500 
   2         0.000000       -72.250600         0.293900 
   3         0.000000       -71.999500         0.545000 
   4         0.000000       -71.917200         0.627300 
   5         0.000000       -72.101500         0.443000 
   6         0.000000       -72.297100         0.247400 
Li-Br-c-.50-v-1.18
   0         0.000000       -79.115600         0.000000 
   1         0.000000       -79.057100         0.058500 
   2         0.000000       -78.891100         0.224500 
   3         0.000000       -78.693700         0.421900 
   4         0.000000       -78.633600         0.482000 
   5         0.000000       -78.798600         0.317000 
   6         0.000000       -78.970600         0.145000 
Li-Br-c-.50-v-1.20
   0         0.000000       -85.004700         0.000000 
   1         0.000000       -84.964100         0.040600 
   2         0.000000       -84.843000         0.161700 
   3         0.000000       -84.689000         0.315700 
   4         0.000000       -84.654800         0.349900 
   5         0.000000       -84.801600         0.203100 
   6         0.000000       -84.952400         0.052300 
Li-Br-c-.50-v-1.22
   0         0.000000       -90.304100         0.000000 
   1         0.000000       -90.279400         0.024700 
   2         0.000000       -90.199200         0.104900 
   3         0.000000       -90.071400         0.232700 
   4         0.000000       -90.072700         0.231400 
   5         0.000000       -90.204000         0.100100 
   6         0.000000       -90.335300        -0.031200 
Li-Br-c-.50-v-1.24
   0         0.000000       -95.088500         0.000000 
   1         0.000000       -95.077800         0.010700 
   2         0.000000       -95.035000         0.053500 
   3         0.000000       -94.969800         0.118700 
   4         0.000000       -94.965500         0.123000 
   5         0.000000       -95.081400         0.007100 
   6         0.000000       -95.195100        -0.106600 
Li-Br-c-.50-v-1.26
   0         0.000000       -99.421400         0.000000 
   1         0.000000       -99.424400        -0.003000 
   2         0.000000       -99.414600         0.006800 
   3         0.000000       -99.384900         0.036500 
   4         0.000000       -99.395800         0.025600 
   5         0.000000       -99.498300        -0.076900 
   6         0.000000       -99.595900        -0.174500 
Li-Br-c-.50-v-1.28
   0         0.000000      -103.364700         0.000000 
   1         0.000000      -103.379200        -0.014500 
   2         0.000000      -103.399900        -0.035200 
   3         0.000000      -103.372100        -0.007400 
   4         0.000000      -103.426900        -0.062200 
   5         0.000000      -103.516500        -0.151800 
   6         0.000000      -103.600300        -0.235600 
Li-Br-c-.50-v-1.30
   0         0.000000      -106.964800         0.000000 
   1         0.000000      -106.990000        -0.025200 
   2         0.000000      -107.038000        -0.073200 
   3         0.000000      -107.037600        -0.072800 
   4         0.000000      -107.106200        -0.141400 
   5         0.000000      -107.185600        -0.220800 
   6         0.000000      -107.255300        -0.290500 
Li-Br-c-.50-v-1.32
   0         0.000000      -110.261200         0.000000 
   1         0.000000      -110.296000        -0.034800 
   2         0.000000      -110.368200        -0.107000 
   3         0.000000      -110.426700        -0.165500 
   4         0.000000      -110.474200        -0.213000 
   5         0.000000      -110.543400        -0.282200 
   6         0.000000      -110.600900        -0.339700 
Li-Br-c-.50-v-1.34
   0         0.000000      -113.287900         0.000000 
   1         0.000000      -113.332000        -0.044100 
   2         0.000000      -113.426400        -0.138500 
   3         0.000000      -113.508000        -0.220100 
   4         0.000000      -113.565000        -0.277100 
   5         0.000000      -113.625300        -0.337400 
   6         0.000000      -113.671800        -0.383900 
Li-Br-c-.50-v-1.36
   0         0.000000      -116.076000         0.000000 
   1         0.000000      -116.127800        -0.051800 
   2         0.000000      -116.242300        -0.166300 
   3         0.000000      -116.281100        -0.205100 
   4         0.000000      -116.411500        -0.335500 
   5         0.000000      -116.463000        -0.387000 
   6         0.000000      -116.499200        -0.423200 
Li-Br-c-.55-v-1.08
   0         0.000000       -35.055900         0.000000 
   1         0.000000       -34.878600         0.177300 
   2         0.000000       -34.406000         0.649900 
   3         0.000000       -33.880700         1.175200 
   4         0.000000       -33.687700         1.368200 
   5         0.000000       -33.976100         1.079800 
   6         0.000000       -34.290600         0.765300 
Li-Br-c-.55-v-1.10
   0         0.000000       -46.807500         0.000000 
   1         0.000000       -46.659200         0.148300 
   2         0.000000       -46.262000         0.545500 
   3         0.000000       -45.817300         0.990200 
   4         0.000000       -45.657200         1.150300 
   5         0.000000       -45.916000         0.891500 
   6         0.000000       -46.196500         0.611000 
Li-Br-c-.55-v-1.12
   0         0.000000       -57.235500         0.000000 
   1         0.000000       -57.113800         0.121700 
   2         0.000000       -56.784300         0.451200 
   3         0.000000       -56.412500         0.823000 
   4         0.000000       -56.282400         0.953100 
   5         0.000000       -56.514500         0.721000 
   6         0.000000       -56.763900         0.471600 
Li-Br-c-.55-v-1.14
   0         0.000000       -66.516900         0.000000 
   1         0.000000       -66.419100         0.097800 
   2         0.000000       -66.150900         0.366000 
   3         0.000000       -65.844800         0.672100 
   4         0.000000       -65.742200         0.774700 
   5         0.000000       -65.950300         0.566600 
   6         0.000000       -66.171200         0.345700 
Li-Br-c-.55-v-1.16
   0         0.000000       -74.803300         0.000000 
   1         0.000000       -74.727000         0.076300 
   2         0.000000       -74.514300         0.289000 
   3         0.000000       -74.268000         0.535300 
   4         0.000000       -74.189900         0.613400 
   5         0.000000       -74.376100         0.427200 
   6         0.000000       -74.571400         0.231900 
Li-Br-c-.55-v-1.18
   0         0.000000       -82.228000         0.000000 
   1         0.000000       -82.171200         0.056800 
   2         0.000000       -82.008600         0.219400 
   3         0.000000       -81.815900         0.412100 
   4         0.000000       -81.760300         0.467700 
   5         0.000000       -81.926900         0.301100 
   6         0.000000       -82.098800         0.129200 
Li-Br-c-.55-v-1.20
   0         0.000000       -88.903900         0.000000 
   1         0.000000       -88.864700         0.039200 
   2         0.000000       -88.747300         0.156600 
   3         0.000000       -88.594000         0.309900 
   4         0.000000       -88.567800         0.336100 
   5         0.000000       -88.716600         0.187300 
   6         0.000000       -88.867400         0.036500 
Li-Br-c-.55-v-1.22
   0         0.000000       -94.928900         0.000000 
   1         0.000000       -94.905700         0.023200 
   2         0.000000       -94.829000         0.099900 
   3         0.000000       -94.728700         0.200200 
   4         0.000000       -94.711800         0.217100 
   5         0.000000       -94.844500         0.084400 
   6         0.000000       -94.976000        -0.047100 
Li-Br-c-.55-v-1.24
   0         0.000000      -100.382700         0.000000 
   1         0.000000      -100.373800         0.008900 
   2         0.000000      -100.248800         0.133900 
   3         0.000000      -100.273400         0.109300 
   4         0.000000      -100.273100         0.109600 
   5         0.000000      -100.391100        -0.008400 
   6         0.000000      -100.505200        -0.122500 
Li-Br-c-.55-v-1.26
   0         0.000000      -105.333700         0.000000 
   1         0.000000      -105.337900        -0.004200 
   2         0.000000      -105.331600         0.002100 
   3         0.000000      -105.286200         0.047500 
   4         0.000000      -105.321300         0.012400 
   5         0.000000      -105.425900        -0.092200 
   6         0.000000      -105.524000        -0.190300 
Li-Br-c-.55-v-1.28
   0         0.000000      -109.847700         0.000000 
   1         0.000000      -109.863400        -0.015700 
   2         0.000000      -109.887500        -0.039800 
   3         0.000000      -109.930500        -0.082800 
   4         0.000000      -109.923000        -0.075300 
   5         0.000000      -110.015600        -0.167900 
   6         0.000000      -110.099000        -0.251300 
Li-Br-c-.55-v-1.30
   0         0.000000      -113.975200         0.000000 
   1         0.000000      -114.001400        -0.026200 
   2         0.000000      -114.052900        -0.077700 
   3         0.000000      -114.081200        -0.106000 
   4         0.000000      -114.129600        -0.154400 
   5         0.000000      -114.211100        -0.235900 
   6         0.000000      -114.281400        -0.306200 
Li-Br-c-.55-v-1.32
   0         0.000000      -117.759000         0.000000 
   1         0.000000      -117.794900        -0.035900 
   2         0.000000      -117.871100        -0.112100 
   3         0.000000      -117.933700        -0.174700 
   4         0.000000      -117.985000        -0.226000 
   5         0.000000      -118.056400        -0.297400 
   6         0.000000      -118.114400        -0.355400 
Li-Br-c-.55-v-1.34
   0         0.000000      -121.236700         0.000000 
   1         0.000000      -121.281800        -0.045100 
   2         0.000000      -121.379700        -0.143000 
   3         0.000000      -121.465900        -0.229200 
   4         0.000000      -121.527000        -0.290300 
   5         0.000000      -121.589300        -0.352600 
   6         0.000000      -121.636000        -0.399300 
Li-Br-c-.55-v-1.36
   0         0.000000      -124.441800         0.000000 
   1         0.000000      -124.494700        -0.052900 
   2         0.000000      -124.612600        -0.170800 
   3         0.000000      -124.720100        -0.278300 
   4         0.000000      -124.789500        -0.347700 
   5         0.000000      -124.843200        -0.401400 
   6         0.000000      -124.880600        -0.438800 
Li-Br-c-.60-v-1.08
   0         0.000000       -32.912400         0.000000 
   1         0.000000       -32.737800         0.174600 
   2         0.000000       -32.271700         0.640700 
   3         0.000000       -31.753500         1.158900 
   4         0.000000       -31.565000         1.347400 
   5         0.000000       -31.853200         1.059200 
   6         0.000000       -32.165900         0.746500 
Li-Br-c-.60-v-1.10
   0         0.000000       -45.859100         0.000000 
   1         0.000000       -45.713500         0.145600 
   2         0.000000       -45.322000         0.537100 
   3         0.000000       -44.883700         0.975400 
   4         0.000000       -44.728000         1.131100 
   5         0.000000       -44.987300         0.871800 
   6         0.000000       -45.266700         0.592400 
Li-Br-c-.60-v-1.12
   0         0.000000       -57.386900         0.000000 
   1         0.000000       -57.267500         0.119400 
   2         0.000000       -56.943300         0.443600 
   3         0.000000       -56.546900         0.840000 
   4         0.000000       -56.451600         0.935300 
   5         0.000000       -56.684800         0.702100 
   6         0.000000       -56.933600         0.453300 
Li-Br-c-.60-v-1.14
   0         0.000000       -67.680900         0.000000 
   1         0.000000       -67.585100         0.095800 
   2         0.000000       -67.321700         0.359200 
   3         0.000000       -67.021200         0.659700 
   4         0.000000       -66.922600         0.758300 
   5         0.000000       -67.132200         0.548700 
   6         0.000000       -67.353100         0.327800 
Li-Br-c-.60-v-1.16
   0         0.000000       -76.899800         0.000000 
   1         0.000000       -76.824500         0.075300 
   2         0.000000       -76.616800         0.283000 
   3         0.000000       -76.375400         0.524400 
   4         0.000000       -76.301400         0.598400 
   5         0.000000       -76.489700         0.410100 
   6         0.000000       -76.685300         0.214500 
Li-Br-c-.60-v-1.18
   0         0.000000       -85.183400         0.000000 
   1         0.000000       -85.128200         0.055200 
   2         0.000000       -84.969300         0.214100 
   3         0.000000       -84.781300         0.402100 
   4         0.000000       -84.729700         0.453700 
   5         0.000000       -84.898600         0.284800 
   6         0.000000       -85.071100         0.112300 
Li-Br-c-.60-v-1.20
   0         0.000000       -92.650900         0.000000 
   1         0.000000       -92.613000         0.037900 
   2         0.000000       -92.499000         0.151900 
   3         0.000000       -92.326000         0.324900 
   4         0.000000       -92.327900         0.323000 
   5         0.000000       -92.479100         0.171800 
   6         0.000000       -92.630700         0.020200 
Li-Br-c-.60-v-1.22
   0         0.000000       -99.405400         0.000000 
   1         0.000000       -99.383400         0.022000 
   2         0.000000       -99.309900         0.095500 
   3         0.000000       -99.213700         0.191700 
   4         0.000000       -99.200700         0.204700 
   5         0.000000       -99.336000         0.069400 
   6         0.000000       -99.468300        -0.062900 
Li-Br-c-.60-v-1.24
   0         0.000000      -105.532000         0.000000 
   1         0.000000      -105.524200         0.007800 
   2         0.000000      -105.487400         0.044600 
   3         0.000000      -105.430700         0.101300 
   4         0.000000      -105.434200         0.097800 
   5         0.000000      -105.554900        -0.022900 
   6         0.000000      -105.669800        -0.137800 
Li-Br-c-.60-v-1.26
   0         0.000000      -111.103500         0.000000 
   1         0.000000      -111.108700        -0.005200 
   2         0.000000      -111.105100        -0.001600 
   3         0.000000      -111.084100         0.019400 
   4         0.000000      -111.102500         0.001000 
   5         0.000000      -111.209800        -0.106300 
   6         0.000000      -111.308800        -0.205300 
Li-Br-c-.60-v-1.28
   0         0.000000      -116.190200         0.000000 
   1         0.000000      -116.207100        -0.016900 
   2         0.000000      -116.233700        -0.043500 
   3         0.000000      -116.244600        -0.054400 
   4         0.000000      -116.276600        -0.086400 
   5         0.000000      -116.371800        -0.181600 
   6         0.000000      -116.456200        -0.266000 
Li-Br-c-.60-v-1.30
   0         0.000000      -120.846200         0.000000 
   1         0.000000      -120.873900        -0.027700 
   2         0.000000      -120.927500        -0.081300 
   3         0.000000      -120.967600        -0.121400 
   4         0.000000      -121.011600        -0.165400 
   5         0.000000      -121.095700        -0.249500 
   6         0.000000      -121.166800        -0.320600 
Li-Br-c-.60-v-1.32
   0         0.000000      -125.118000         0.000000 
   1         0.000000      -125.155400        -0.037400 
   2         0.000000      -125.233500        -0.115500 
   3         0.000000      -125.299900        -0.181900 
   4         0.000000      -125.354900        -0.236900 
   5         0.000000      -125.429000        -0.311000 
   6         0.000000      -125.487700        -0.369700 
Li-Br-c-.60-v-1.34
   0         0.000000      -129.046300         0.000000 
   1         0.000000      -129.091400        -0.045100 
   2         0.000000      -129.193000        -0.146700 
   3         0.000000      -129.282800        -0.236500 
   4         0.000000      -129.347700        -0.301400 
   5         0.000000      -129.412300        -0.366000 
   6         0.000000      -129.460000        -0.413700 
Li-Br-c-.60-v-1.36
   0         0.000000      -132.667800         0.000000 
   1         0.000000      -132.722000        -0.054200 
   2         0.000000      -132.842400        -0.174600 
   3         0.000000      -132.953700        -0.285900 
   4         0.000000      -133.027800        -0.360000 
   5         0.000000      -133.083400        -0.415600 
   6         0.000000      -133.120900        -0.453100 
Li-Br-c-.65-v-1.08
   0         0.000000       -30.513900         0.000000 
   1         0.000000       -30.340300         0.173600 
   2         0.000000       -29.876900         0.637000 
   3         0.000000       -29.363000         1.150900 
   4         0.000000       -29.180000         1.333900 
   5         0.000000       -29.473400         1.040500 
   6         0.000000       -29.789800         0.724100 
Li-Br-c-.65-v-1.10
   0         0.000000       -44.671900         0.000000 
   1         0.000000       -44.527300         0.144600 
   2         0.000000       -44.138200         0.533700 
   3         0.000000       -43.704000         0.967900 
   4         0.000000       -43.553400         1.118500 
   5         0.000000       -43.817500         0.854400 
   6         0.000000       -44.100000         0.571900 
Li-Br-c-.65-v-1.12
   0         0.000000       -57.314900         0.000000 
   1         0.000000       -57.196400         0.118500 
   2         0.000000       -56.874400         0.440500 
   3         0.000000       -56.512300         0.802600 
   4         0.000000       -56.391300         0.923600 
   5         0.000000       -56.628900         0.686000 
   6         0.000000       -56.880500         0.434400 
Li-Br-c-.65-v-1.14
   0         0.000000       -68.635700         0.000000 
   1         0.000000       -68.540700         0.095000 
   2         0.000000       -68.278600         0.357100 
   3         0.000000       -67.982400         0.653300 
   4         0.000000       -67.888200         0.747500 
   5         0.000000       -68.101900         0.533800 
   6         0.000000       -68.325300         0.310400 
Li-Br-c-.65-v-1.16
   0         0.000000       -78.800100         0.000000 
   1         0.000000       -78.726300         0.073800 
   2         0.000000       -78.519700         0.280400 
   3         0.000000       -78.281600         0.518500 
   4         0.000000       -78.211900         0.588200 
   5         0.000000       -78.403900         0.396200 
   6         0.000000       -78.601700         0.198400 
Li-Br-c-.65-v-1.18
   0         0.000000       -87.954500         0.000000 
   1         0.000000       -87.899900         0.054600 
   2         0.000000       -87.740200         0.214300 
   3         0.000000       -87.557800         0.396700 
   4         0.000000       -87.508900         0.445600 
   5         0.000000       -87.682700         0.271800 
   6         0.000000       -87.857100         0.097400 
Li-Br-c-.65-v-1.20
   0         0.000000       -96.223700         0.000000 
   1         0.000000       -96.186400         0.037300 
   2         0.000000       -96.074000         0.149700 
   3         0.000000       -95.907800         0.315900 
   4         0.000000       -95.909600         0.314100 
   5         0.000000       -96.064300         0.159400 
   6         0.000000       -96.217500         0.006200 
Li-Br-c-.65-v-1.22
   0         0.000000      -103.716600         0.000000 
   1         0.000000      -103.695100         0.021500 
   2         0.000000      -103.623000         0.093600 
   3         0.000000      -103.529600         0.187000 
   4         0.000000      -103.520300         0.196300 
   5         0.000000      -103.658800         0.057800 
   6         0.000000      -103.792800        -0.076200 
Li-Br-c-.65-v-1.24
   0         0.000000      -110.523000         0.000000 
   1         0.000000      -110.515800         0.007200 
   2         0.000000      -110.480400         0.042600 
   3         0.000000      -110.426300         0.096700 
   4         0.000000      -110.433200         0.089800 
   5         0.000000      -110.557100        -0.034100 
   6         0.000000      -110.673500        -0.150500 
Li-Br-c-.65-v-1.26
   0         0.000000      -116.720700         0.000000 
   1         0.000000      -116.725400        -0.004700 
   2         0.000000      -116.724100        -0.003400 
   3         0.000000      -116.705500         0.015200 
   4         0.000000      -116.727400        -0.006700 
   5         0.000000      -116.837900        -0.117200 
   6         0.000000      -116.938300        -0.217600 
Li-Br-c-.65-v-1.28
   0         0.000000      -122.384100         0.000000 
   1         0.000000      -122.401600        -0.017500 
   2         0.000000      -122.429400        -0.045300 
   3         0.000000      -122.442900        -0.058800 
   4         0.000000      -122.478100        -0.094000 
   5         0.000000      -122.576500        -0.192400 
   6         0.000000      -122.662200        -0.278100 
Li-Br-c-.65-v-1.30
   0         0.000000      -127.571600         0.000000 
   1         0.000000      -127.599900        -0.028300 
   2         0.000000      -127.654800        -0.083200 
   3         0.000000      -127.697300        -0.125700 
   4         0.000000      -127.744700        -0.173100 
   5         0.000000      -127.831900        -0.260300 
   6         0.000000      -127.904300        -0.332700 
Li-Br-c-.65-v-1.32
   0         0.000000      -132.333300         0.000000 
   1         0.000000      -132.371200        -0.037900 
   2         0.000000      -132.450800        -0.117500 
   3         0.000000      -132.519600        -0.186300 
   4         0.000000      -132.577800        -0.244500 
   5         0.000000      -132.654800        -0.321500 
   6         0.000000      -132.715000        -0.381700 
Li-Br-c-.65-v-1.34
   0         0.000000      -136.713300         0.000000 
   1         0.000000      -136.760100        -0.046800 
   2         0.000000      -136.862200        -0.148900 
   3         0.000000      -136.952900        -0.239600 
   4         0.000000      -137.022600        -0.309300 
   5         0.000000      -137.089900        -0.376600 
   6         0.000000      -137.139100        -0.425800 
Li-Br-c-.65-v-1.36
   0         0.000000      -140.751400         0.000000 
   1         0.000000      -140.806200        -0.054800 
   2         0.000000      -140.928200        -0.176800 
   3         0.000000      -141.042200        -0.290800 
   4         0.000000      -141.119100        -0.367700 
   5         0.000000      -141.177900        -0.426500 
   6         0.000000      -141.216800        -0.465400 
Li-Br-c-.70-v-1.08
   0         0.000000       -27.958500         0.000000 
   1         0.000000       -27.784400         0.174100 
   2         0.000000       -27.320400         0.638100 
   3         0.000000       -26.807700         1.150800 
   4         0.000000       -26.627600         1.330900 
   5         0.000000       -26.924000         1.034500 
   6         0.000000       -27.240700         0.717800 
Li-Br-c-.70-v-1.10
   0         0.000000       -43.328800         0.000000 
   1         0.000000       -43.183700         0.145100 
   2         0.000000       -42.794100         0.534700 
   3         0.000000       -42.361000         0.967800 
   4         0.000000       -42.213400         1.115400 
   5         0.000000       -42.480400         0.848400 
   6         0.000000       -42.763500         0.565300 
Li-Br-c-.70-v-1.12
   0         0.000000       -57.087300         0.000000 
   1         0.000000       -56.968300         0.119000 
   2         0.000000       -56.645800         0.441500 
   3         0.000000       -56.284800         0.802500 
   4         0.000000       -56.166600         0.920700 
   5         0.000000       -56.407200         0.680100 
   6         0.000000       -56.659600         0.427700 
Li-Br-c-.70-v-1.14
   0         0.000000       -69.434900         0.000000 
   1         0.000000       -69.339300         0.095600 
   2         0.000000       -69.077500         0.357400 
   3         0.000000       -68.781600         0.653300 
   4         0.000000       -68.690100         0.744800 
   5         0.000000       -68.907000         0.527900 
   6         0.000000       -69.131300         0.303600 
Li-Br-c-.70-v-1.16
   0         0.000000       -80.544700         0.000000 
   1         0.000000       -80.470500         0.074200 
   2         0.000000       -80.263300         0.281400 
   3         0.000000       -80.026100         0.518600 
   4         0.000000       -79.959000         0.585700 
   5         0.000000       -80.154300         0.390400 
   6         0.000000       -80.353200         0.191500 
Li-Br-c-.70-v-1.18
   0         0.000000       -90.569900         0.000000 
   1         0.000000       -90.514900         0.055000 
   2         0.000000       -90.357200         0.212700 
   3         0.000000       -90.120400         0.449500 
   4         0.000000       -90.128000         0.441900 
   5         0.000000       -90.303700         0.266200 
   6         0.000000       -90.479500         0.090400 
Li-Br-c-.70-v-1.20
   0         0.000000       -99.641300         0.000000 
   1         0.000000       -99.603600         0.037700 
   2         0.000000       -99.490600         0.150700 
   3         0.000000       -99.348100         0.293200 
   4         0.000000       -99.329500         0.311800 
   5         0.000000       -99.487500         0.153800 
   6         0.000000       -99.642200        -0.000900 
Li-Br-c-.70-v-1.22
   0         0.000000      -107.873300         0.000000 
   1         0.000000      -107.851300         0.022000 
   2         0.000000      -107.778800         0.094500 
   3         0.000000      -107.686100         0.187200 
   4         0.000000      -107.679300         0.194000 
   5         0.000000      -107.821200         0.052100 
   6         0.000000      -107.956700        -0.083400 
Li-Br-c-.70-v-1.24
   0         0.000000      -115.360900         0.000000 
   1         0.000000      -115.353300         0.007600 
   2         0.000000      -115.317300         0.043600 
   3         0.000000      -115.263900         0.097000 
   4         0.000000      -115.273400         0.087500 
   5         0.000000      -115.400700        -0.039800 
   6         0.000000      -115.518800        -0.157900 
Li-Br-c-.70-v-1.26
   0         0.000000      -122.186400         0.000000 
   1         0.000000      -122.191800        -0.005400 
   2         0.000000      -122.189000        -0.002600 
   3         0.000000      -122.145700         0.040700 
   4         0.000000      -122.195300        -0.008900 
   5         0.000000      -122.309300        -0.122900 
   6         0.000000      -122.411500        -0.225100 
Li-Br-c-.70-v-1.28
   0         0.000000      -128.428300         0.000000 
   1         0.000000      -128.445600        -0.017300 
   2         0.000000      -128.472900        -0.044600 
   3         0.000000      -128.487000        -0.058700 
   4         0.000000      -128.524800        -0.096500 
   5         0.000000      -128.626500        -0.198200 
   6         0.000000      -128.714200        -0.285900 
Li-Br-c-.70-v-1.30
   0         0.000000      -134.149100         0.000000 
   1         0.000000      -134.177100        -0.028000 
   2         0.000000      -134.231600        -0.082500 
   3         0.000000      -134.274900        -0.125800 
   4         0.000000      -134.324700        -0.175600 
   5         0.000000      -134.415400        -0.266300 
   6         0.000000      -134.489800        -0.340700 
Li-Br-c-.70-v-1.32
   0         0.000000      -139.402100         0.000000 
   1         0.000000      -139.439900        -0.037800 
   2         0.000000      -139.519100        -0.117000 
   3         0.000000      -139.588700        -0.186600 
   4         0.000000      -139.649400        -0.247300 
   5         0.000000      -139.729900        -0.327800 
   6         0.000000      -139.792000        -0.389900 
Li-Br-c-.70-v-1.34
   0         0.000000      -144.234800         0.000000 
   1         0.000000      -144.281300        -0.046500 
   2         0.000000      -144.383000        -0.148200 
   3         0.000000      -144.476400        -0.241600 
   4         0.000000      -144.546900        -0.312100 
   5         0.000000      -144.618000        -0.383200 
   6         0.000000      -144.669100        -0.434300 
Li-Br-c-.70-v-1.36
   0         0.000000      -148.690100         0.000000 
   1         0.000000      -148.744600        -0.054500 
   2         0.000000      -148.866700        -0.176600 
   3         0.000000      -148.981600        -0.291500 
   4         0.000000      -149.061000        -0.370900 
   5         0.000000      -149.123400        -0.433300 
   6         0.000000      -149.164300        -0.474200 
Li-Br-c-.75-v-1.08
   0         0.000000       -25.233300         0.000000 
   1         0.000000       -25.057700         0.175600 
   2         0.000000       -24.590300         0.643000 
   3         0.000000       -23.945300         1.288000 
   4         0.000000       -23.896500         1.336800 
   5         0.000000       -24.195600         1.037700 
   6         0.000000       -24.513300         0.720000 
Li-Br-c-.75-v-1.10
   0         0.000000       -41.825200         0.000000 
   1         0.000000       -41.678600         0.146600 
   2         0.000000       -41.285800         0.539400 
   3         0.000000       -40.850600         0.974600 
   4         0.000000       -40.703900         1.121300 
   5         0.000000       -40.973800         0.851400 
   6         0.000000       -41.257900         0.567300 
Li-Br-c-.75-v-1.12
   0         0.000000       -56.706100         0.000000 
   1         0.000000       -56.585600         0.120500 
   2         0.000000       -56.260000         0.446100 
   3         0.000000       -55.896800         0.809300 
   4         0.000000       -55.779600         0.926500 
   5         0.000000       -56.023100         0.683000 
   6         0.000000       -56.276700         0.429400 
Li-Br-c-.75-v-1.14
   0         0.000000       -70.085200         0.000000 
   1         0.000000       -69.988200         0.097000 
   2         0.000000       -69.723200         0.362000 
   3         0.000000       -69.425100         0.660100 
   4         0.000000       -69.334700         0.750500 
   5         0.000000       -69.554500         0.530700 
   6         0.000000       -69.780200         0.305000 
Li-Br-c-.75-v-1.16
   0         0.000000       -82.143300         0.000000 
   1         0.000000       -82.067600         0.075700 
   2         0.000000       -81.857400         0.285900 
   3         0.000000       -81.577800         0.565500 
   4         0.000000       -81.552000         0.591300 
   5         0.000000       -81.750400         0.392900 
   6         0.000000       -81.950900         0.192400 
Li-Br-c-.75-v-1.18
   0         0.000000       -93.040800         0.000000 
   1         0.000000       -92.948500         0.092300 
   2         0.000000       -92.823400         0.217400 
   3         0.000000       -92.637300         0.403500 
   4         0.000000       -92.593400         0.447400 
   5         0.000000       -92.772400         0.268400 
   6         0.000000       -92.949900         0.090900 
Li-Br-c-.75-v-1.20
   0         0.000000      -102.914600         0.000000 
   1         0.000000      -102.875500         0.039100 
   2         0.000000      -102.759400         0.155200 
   3         0.000000      -102.621400         0.293200 
   4         0.000000      -102.597500         0.317100 
   5         0.000000      -102.758900         0.155700 
   6         0.000000      -102.915500        -0.000900 
Li-Br-c-.75-v-1.22
   0         0.000000      -111.885300         0.000000 
   1         0.000000      -111.862100         0.023200 
   2         0.000000      -111.786600         0.098700 
   3         0.000000      -111.692000         0.193300 
   4         0.000000      -111.686200         0.199100 
   5         0.000000      -111.831700         0.053600 
   6         0.000000      -111.969300        -0.084000 
Li-Br-c-.75-v-1.24
   0         0.000000      -120.053500         0.000000 
   1         0.000000      -120.044400         0.009100 
   2         0.000000      -120.005600         0.047900 
   3         0.000000      -119.950300         0.103200 
   4         0.000000      -119.961000         0.092500 
   5         0.000000      -120.092000        -0.038500 
   6         0.000000      -120.212400        -0.158900 
Li-Br-c-.75-v-1.26
   0         0.000000      -127.506000         0.000000 
   1         0.000000      -127.509900        -0.003900 
   2         0.000000      -127.504400         0.001600 
   3         0.000000      -127.472700         0.033300 
   4         0.000000      -127.510200        -0.004200 
   5         0.000000      -127.627900        -0.121900 
   6         0.000000      -127.732500        -0.226500 
Li-Br-c-.75-v-1.28
   0         0.000000      -134.326000         0.000000 
   1         0.000000      -134.341800        -0.015800 
   2         0.000000      -134.366300        -0.040300 
   3         0.000000      -134.378800        -0.052800 
   4         0.000000      -134.417800        -0.091800 
   5         0.000000      -134.523500        -0.197500 
   6         0.000000      -134.613700        -0.287700 
Li-Br-c-.75-v-1.30
   0         0.000000      -140.579600         0.000000 
   1         0.000000      -140.606200        -0.026600 
   2         0.000000      -140.658100        -0.078500 
   3         0.000000      -140.699500        -0.119900 
   4         0.000000      -140.750600        -0.171000 
   5         0.000000      -140.845400        -0.265800 
   6         0.000000      -140.922400        -0.342800 
Li-Br-c-.75-v-1.32
   0         0.000000      -146.323800         0.000000 
   1         0.000000      -146.360200        -0.036400 
   2         0.000000      -146.436900        -0.113100 
   3         0.000000      -146.504700        -0.180900 
   4         0.000000      -146.566700        -0.242900 
   5         0.000000      -146.651300        -0.327500 
   6         0.000000      -146.716300        -0.392500 
Li-Br-c-.75-v-1.34
   0         0.000000      -151.609300         0.000000 
   1         0.000000      -151.654600        -0.045300 
   2         0.000000      -151.753600        -0.144300 
   3         0.000000      -151.845300        -0.236000 
   4         0.000000      -151.917100        -0.307800 
   5         0.000000      -151.992500        -0.383200 
   6         0.000000      -152.046500        -0.437200 
Li-Br-c-.75-v-1.36
   0         0.000000      -156.481900         0.000000 
   1         0.000000      -156.535300        -0.053400 
   2         0.000000      -156.654700        -0.172800 
   3         0.000000      -156.767900        -0.286000 
   4         0.000000      -156.848500        -0.366600 
   5         0.000000      -156.915300        -0.433400 
   6         0.000000      -156.959200        -0.477300 
Li-Br-c-.80-v-1.08
   0         0.000000       -22.343300         0.000000 
   1         0.000000       -22.166400         0.176900 
   2         0.000000       -21.695600         0.647700 
   3         0.000000       -21.177600         1.165700 
   4         0.000000       -20.999100         1.344200 
   5         0.000000       -21.301500         1.041800 
   6         0.000000       -21.621400         0.721900 
Li-Br-c-.80-v-1.10
   0         0.000000       -40.157600         0.000000 
   1         0.000000       -40.009500         0.148100 
   2         0.000000       -39.613000         0.544600 
   3         0.000000       -39.174600         0.983000 
   4         0.000000       -39.028400         1.129200 
   5         0.000000       -39.301700         0.855900 
   6         0.000000       -39.588100         0.569500 
Li-Br-c-.80-v-1.12
   0         0.000000       -56.162500         0.000000 
   1         0.000000       -56.040400         0.122100 
   2         0.000000       -55.711000         0.451500 
   3         0.000000       -55.344500         0.818000 
   4         0.000000       -55.227700         0.934800 
   5         0.000000       -55.474800         0.687700 
   6         0.000000       -55.730700         0.431800 
Li-Br-c-.80-v-1.14
   0         0.000000       -70.575300         0.000000 
   1         0.000000       -70.476700         0.098600 
   2         0.000000       -70.207700         0.367600 
   3         0.000000       -69.906300         0.669000 
   4         0.000000       -69.816400         0.758900 
   5         0.000000       -70.039700         0.535600 
   6         0.000000       -70.267900         0.307400 
Li-Br-c-.80-v-1.16
   0         0.000000       -83.584400         0.000000 
   1         0.000000       -83.506900         0.077500 
   2         0.000000       -83.292500         0.291900 
   3         0.000000       -83.049800         0.534600 
   4         0.000000       -82.984300         0.600100 
   5         0.000000       -83.186300         0.398100 
   6         0.000000       -83.389400         0.195000 
Li-Br-c-.80-v-1.18
   0         0.000000       -95.356700         0.000000 
   1         0.000000       -95.298300         0.058400 
   2         0.000000       -95.133200         0.223500 
   3         0.000000       -94.940000         0.416700 
   4         0.000000       -94.900100         0.456600 
   5         0.000000       -95.082800         0.273900 
   6         0.000000       -95.263000         0.093700 
Li-Br-c-.80-v-1.20
   0         0.000000      -106.035400         0.000000 
   1         0.000000      -105.994300         0.041100 
   2         0.000000      -105.873700         0.161700 
   3         0.000000      -105.732000         0.303400 
   4         0.000000      -105.708600         0.326800 
   5         0.000000      -105.873900         0.161500 
   6         0.000000      -106.033300         0.002100 
Li-Br-c-.80-v-1.22
   0         0.000000      -115.746900         0.000000 
   1         0.000000      -115.721500         0.025400 
   2         0.000000      -115.641200         0.105700 
   3         0.000000      -115.542700         0.204200 
   4         0.000000      -115.537500         0.209400 
   5         0.000000      -115.686900         0.060000 
   6         0.000000      -115.827400        -0.080500 
Li-Br-c-.80-v-1.24
   0         0.000000      -124.596800         0.000000 
   1         0.000000      -124.585500         0.011300 
   2         0.000000      -124.541600         0.055200 
   3         0.000000      -124.602800        -0.006000 
   4         0.000000      -124.493500         0.103300 
   5         0.000000      -124.628600        -0.031800 
   6         0.000000      -124.751800        -0.155000 
Li-Br-c-.80-v-1.26
   0         0.000000      -132.677000         0.000000 
   1         0.000000      -132.678800        -0.001800 
   2         0.000000      -132.667900         0.009100 
   3         0.000000      -132.643900         0.033100 
   4         0.000000      -132.669800         0.007200 
   5         0.000000      -132.791700        -0.114700 
   6         0.000000      -132.899400        -0.222400 
Li-Br-c-.80-v-1.28
   0         0.000000      -140.075300         0.000000 
   1         0.000000      -140.088700        -0.013400 
   2         0.000000      -140.107700        -0.032400 
   3         0.000000      -140.096100        -0.020800 
   4         0.000000      -140.154900        -0.079600 
   5         0.000000      -140.265000        -0.189700 
   6         0.000000      -140.358400        -0.283100 
Li-Br-c-.80-v-1.30
   0         0.000000      -146.861700         0.000000 
   1         0.000000      -146.885700        -0.024000 
   2         0.000000      -146.931900        -0.070200 
   3         0.000000      -146.968700        -0.107000 
   4         0.000000      -147.019900        -0.158200 
   5         0.000000      -147.119200        -0.257500 
   6         0.000000      -147.199600        -0.337900 
Li-Br-c-.80-v-1.32
   0         0.000000      -153.096700         0.000000 
   1         0.000000      -153.130500        -0.033800 
   2         0.000000      -153.201100        -0.104400 
   3         0.000000      -153.264100        -0.167400 
   4         0.000000      -153.326100        -0.229400 
   5         0.000000      -153.415500        -0.318800 
   6         0.000000      -153.484000        -0.387300 
Li-Br-c-.80-v-1.34
   0         0.000000      -158.834400         0.000000 
   1         0.000000      -158.877000        -0.042600 
   2         0.000000      -158.969900        -0.135500 
   3         0.000000      -159.056400        -0.222000 
   4         0.000000      -159.128100        -0.293700 
   5         0.000000      -159.208400        -0.374000 
   6         0.000000      -159.266100        -0.431700 
Li-Br-c-.80-v-1.36
   0         0.000000      -164.123700         0.000000 
   1         0.000000      -164.174300        -0.050600 
   2         0.000000      -164.287100        -0.163400 
   3         0.000000      -164.394900        -0.271200 
   4         0.000000      -164.475600        -0.351900 
   5         0.000000      -164.547500        -0.423800 
   6         0.000000      -164.595400        -0.471700 
Li-Br-c-.85-v-1.08
   0         0.000000       -19.251100         0.000000 
   1         0.000000       -19.073800         0.177300 
   2         0.000000       -18.602500         0.648600 
   3         0.000000       -18.084900         1.166200 
   4         0.000000       -17.908600         1.342500 
   5         0.000000       -18.213800         1.037300 
   6         0.000000       -18.535300         0.715800 
Li-Br-c-.85-v-1.10
   0         0.000000       -38.297400         0.000000 
   1         0.000000       -38.148800         0.148600 
   2         0.000000       -37.751100         0.546300 
   3         0.000000       -37.312300         0.985100 
   4         0.000000       -37.167900         1.129500 
   5         0.000000       -37.444100         0.853300 
   6         0.000000       -37.732100         0.565300 
Li-Br-c-.85-v-1.12
   0         0.000000       -55.434300         0.000000 
   1         0.000000       -55.311500         0.122800 
   2         0.000000       -54.980100         0.454200 
   3         0.000000       -54.612400         0.821900 
   4         0.000000       -54.497000         0.937300 
   5         0.000000       -54.747000         0.687300 
   6         0.000000       -55.004800         0.429500 
Li-Br-c-.85-v-1.14
   0         0.000000       -70.887500         0.000000 
   1         0.000000       -70.787800         0.099700 
   2         0.000000       -70.516200         0.371300 
   3         0.000000       -70.212800         0.674700 
   4         0.000000       -70.123800         0.763700 
   5         0.000000       -70.350200         0.537300 
   6         0.000000       -70.580300         0.307200 
Li-Br-c-.85-v-1.16
   0         0.000000       -84.853000         0.000000 
   1         0.000000       -84.774100         0.078900 
   2         0.000000       -84.556500         0.296500 
   3         0.000000       -84.311000         0.542000 
   4         0.000000       -84.246000         0.607000 
   5         0.000000       -84.451100         0.401900 
   6         0.000000       -84.656100         0.196900 
Li-Br-c-.85-v-1.18
   0         0.000000       -97.504700         0.000000 
   1         0.000000       -97.444700         0.060000 
   2         0.000000       -97.275500         0.229200 
   3         0.000000       -97.082400         0.422300 
   4         0.000000       -97.039200         0.465500 
   5         0.000000       -97.225100         0.279600 
   6         0.000000       -97.407200         0.097500 
Li-Br-c-.85-v-1.20
   0         0.000000      -108.992200         0.000000 
   1         0.000000      -108.949100         0.043100 
   2         0.000000      -108.823800         0.168400 
   3         0.000000      -108.678000         0.314200 
   4         0.000000      -108.654400         0.337800 
   5         0.000000      -108.823000         0.169200 
   6         0.000000      -108.984400         0.007800 
Li-Br-c-.85-v-1.22
   0         0.000000      -119.447500         0.000000 
   1         0.000000      -119.419700         0.027800 
   2         0.000000      -119.334000         0.113500 
   3         0.000000      -119.202600         0.244900 
   4         0.000000      -119.225200         0.222300 
   5         0.000000      -119.378000         0.069500 
   6         0.000000      -119.520500        -0.073000 
Li-Br-c-.85-v-1.24
   0         0.000000      -128.981500         0.000000 
   1         0.000000      -128.967600         0.013900 
   2         0.000000      -128.917600         0.063900 
   3         0.000000      -128.832000         0.149500 
   4         0.000000      -128.863400         0.118100 
   5         0.000000      -129.001900        -0.020400 
   6         0.000000      -129.127500        -0.146000 
Li-Br-c-.85-v-1.26
   0         0.000000      -137.691100         0.000000 
   1         0.000000      -137.689800         0.001300 
   2         0.000000      -137.672100         0.019000 
   3         0.000000      -137.642100         0.049000 
   4         0.000000      -137.667200         0.023900 
   5         0.000000      -137.792800        -0.101700 
   6         0.000000      -137.902800        -0.211700 
Li-Br-c-.85-v-1.28
   0         0.000000      -145.668500         0.000000 
   1         0.000000      -145.678700        -0.010200 
   2         0.000000      -145.690000        -0.021500 
   3         0.000000      -145.691400        -0.022900 
   4         0.000000      -145.729600        -0.061100 
   5         0.000000      -145.843500        -0.175000 
   6         0.000000      -145.939500        -0.271000 
Li-Br-c-.85-v-1.30
   0         0.000000      -152.987900         0.000000 
   1         0.000000      -153.008400        -0.020500 
   2         0.000000      -153.046000        -0.058100 
   3         0.000000      -153.075800        -0.087900 
   4         0.000000      -153.125800        -0.137900 
   5         0.000000      -153.229100        -0.241200 
   6         0.000000      -153.312200        -0.324300 
Li-Br-c-.85-v-1.32
   0         0.000000      -159.713600         0.000000 
   1         0.000000      -159.743400        -0.029800 
   2         0.000000      -159.804800        -0.091200 
   3         0.000000      -159.909800        -0.196200 
   4         0.000000      -159.920900        -0.207300 
   5         0.000000      -160.014400        -0.300800 
   6         0.000000      -160.085900        -0.372300 
Li-Br-c-.85-v-1.34
   0         0.000000      -165.902900         0.000000 
   1         0.000000      -165.941100        -0.038200 
   2         0.000000      -166.024100        -0.121200 
   3         0.000000      -166.102400        -0.199500 
   4         0.000000      -166.172800        -0.269900 
   5         0.000000      -166.257500        -0.354600 
   6         0.000000      -166.318300        -0.415400 
Li-Br-c-.85-v-1.36
   0         0.000000      -171.608100         0.000000 
   1         0.000000      -171.653900        -0.045800 
   2         0.000000      -171.756300        -0.148200 
   3         0.000000      -171.855500        -0.247400 
   4         0.000000      -171.934500        -0.326400 
   5         0.000000      -172.011000        -0.402900 
   6         0.000000      -172.062200        -0.454100 
