Li-F-c-.15-v-.80
   0         0.000000       -80.443100         0.000000 
   1         0.000000       -80.233200         0.209900 
   2         0.000000       -79.665300         0.777800 
   3         0.000000       -79.017200         1.425900 
   4         0.000000       -78.729700         1.713400 
   5         0.000000       -78.975400         1.467700 
   6         0.000000       -79.293700         1.149400 
Li-F-c-.15-v-.82
   0         0.000000       -82.561400         0.000000 
   1         0.000000       -82.392300         0.169100 
   2         0.000000       -81.931400         0.630000 
   3         0.000000       -81.398700         1.162700 
   4         0.000000       -81.163500         1.397900 
   5         0.000000       -81.379300         1.182100 
   6         0.000000       -81.652900         0.908500 
Li-F-c-.15-v-.84
   0         0.000000       -83.975700         0.000000 
   1         0.000000       -83.841300         0.134400 
   2         0.000000       -83.472200         0.503500 
   3         0.000000       -83.039800         0.935900 
   4         0.000000       -82.850800         1.124900 
   5         0.000000       -83.039400         0.936300 
   6         0.000000       -83.273000         0.702700 
Li-F-c-.15-v-.86
   0         0.000000       -84.889200         0.000000 
   1         0.000000       -84.784200         0.105000 
   2         0.000000       -84.493500         0.395700 
   3         0.000000       -84.148500         0.740700 
   4         0.000000       -83.999200         0.890000 
   5         0.000000       -84.163500         0.725700 
   6         0.000000       -84.361800         0.527400 
Li-F-c-.15-v-.88
   0         0.000000       -85.466400         0.000000 
   1         0.000000       -85.386900         0.079500 
   2         0.000000       -85.163200         0.303200 
   3         0.000000       -84.893000         0.573400 
   4         0.000000       -84.778800         0.687600 
   5         0.000000       -84.921300         0.545100 
   6         0.000000       -85.088600         0.377800 
Li-F-c-.15-v-.90
   0         0.000000       -85.777900         0.000000 
   1         0.000000       -85.720000         0.057900 
   2         0.000000       -85.554000         0.223900 
   3         0.000000       -85.348500         0.429400 
   4         0.000000       -85.264400         0.513500 
   5         0.000000       -85.387600         0.390300 
   6         0.000000       -85.528300         0.249600 
Li-F-c-.15-v-.92
   0         0.000000       -85.882800         0.000000 
   1         0.000000       -85.844000         0.038800 
   2         0.000000       -85.728200         0.154600 
   3         0.000000       -85.577500         0.305300 
   4         0.000000       -85.519500         0.363300 
   5         0.000000       -85.627300         0.255500 
   6         0.000000       -85.743400         0.139400 
Li-F-c-.15-v-.94
   0         0.000000       -85.886900         0.000000 
   1         0.000000       -85.864600         0.022300 
   2         0.000000       -85.791100         0.095800 
   3         0.000000       -85.688800         0.198100 
   4         0.000000       -85.653000         0.233900 
   5         0.000000       -85.744300         0.142600 
   6         0.000000       -85.842000         0.044900 
Li-F-c-.15-v-.96
   0         0.000000       -85.729700         0.000000 
   1         0.000000       -85.722100         0.007600 
   2         0.000000       -85.687900         0.041800 
   3         0.000000       -85.624500         0.105200 
   4         0.000000       -85.608100         0.121600 
   5         0.000000       -85.686200         0.043500 
   6         0.000000       -85.766400        -0.036700 
Li-F-c-.15-v-.98
   0         0.000000       -85.511900         0.000000 
   1         0.000000       -85.516700        -0.004800 
   2         0.000000       -85.512500        -0.000600 
   3         0.000000       -85.494800         0.017100 
   4         0.000000       -85.489100         0.022800 
   5         0.000000       -85.553600        -0.041700 
   6         0.000000       -85.618600        -0.106700 
Li-F-c-.15-v-1.00
   0         0.000000       -85.325800         0.000000 
   1         0.000000       -85.341600        -0.015800 
   2         0.000000       -85.366200        -0.040400 
   3         0.000000       -85.371000        -0.045200 
   4         0.000000       -85.385000        -0.059200 
   5         0.000000       -85.441200        -0.115400 
   6         0.000000       -85.492500        -0.166700 
Li-F-c-.15-v-1.02
   0         0.000000       -85.087400         0.000000 
   1         0.000000       -85.112400        -0.025000 
   2         0.000000       -85.160300        -0.072900 
   3         0.000000       -85.192600        -0.105200 
   4         0.000000       -85.218900        -0.131500 
   5         0.000000       -85.266100        -0.178700 
   6         0.000000       -85.305400        -0.218000 
Li-F-c-.15-v-1.04
   0         0.000000       -84.870700         0.000000 
   1         0.000000       -84.902800        -0.032100 
   2         0.000000       -84.972500        -0.101800 
   3         0.000000       -85.028000        -0.157300 
   4         0.000000       -85.064500        -0.193800 
   5         0.000000       -85.103400        -0.232700 
   6         0.000000       -85.132300        -0.261600 
Li-F-c-.15-v-1.06
   0         0.000000       -84.678600         0.000000 
   1         0.000000       -84.718400        -0.039800 
   2         0.000000       -84.805300        -0.126700 
   3         0.000000       -84.880500        -0.201900 
   4         0.000000       -84.926000        -0.247400 
   5         0.000000       -84.957500        -0.278900 
   6         0.000000       -84.976900        -0.298300 
Li-F-c-.15-v-1.08
   0         0.000000       -84.487500         0.000000 
   1         0.000000       -84.533600        -0.046100 
   2         0.000000       -84.635100        -0.147600 
   3         0.000000       -84.727100        -0.239600 
   4         0.000000       -84.780900        -0.293400 
   5         0.000000       -84.805500        -0.318000 
   6         0.000000       -84.816500        -0.329000 
Li-F-c-.20-v-.80
   0         0.000000       -90.826000         0.000000 
   1         0.000000       -90.618900         0.207100 
   2         0.000000       -90.057200         0.768800 
   3         0.000000       -89.414900         1.411100 
   4         0.000000       -89.132200         1.693800 
   5         0.000000       -89.382800         1.443200 
   6         0.000000       -89.702600         1.123400 
Li-F-c-.20-v-.82
   0         0.000000       -94.152500         0.000000 
   1         0.000000       -93.986200         0.166300 
   2         0.000000       -93.531800         0.620700 
   3         0.000000       -92.929900         1.222600 
   4         0.000000       -92.774900         1.377600 
   5         0.000000       -92.994900         1.157600 
   6         0.000000       -93.269700         0.882800 
Li-F-c-.20-v-.84
   0         0.000000       -96.642200         0.000000 
   1         0.000000       -96.510700         0.131500 
   2         0.000000       -96.147900         0.494300 
   3         0.000000       -95.722200         0.920000 
   4         0.000000       -95.538400         1.103800 
   5         0.000000       -95.730200         0.912000 
   6         0.000000       -95.964800         0.677400 
Li-F-c-.20-v-.86
   0         0.000000       -98.515600         0.000000 
   1         0.000000       -98.413500         0.102100 
   2         0.000000       -98.129200         0.386400 
   3         0.000000       -97.790900         0.724700 
   4         0.000000       -97.646900         0.868700 
   5         0.000000       -97.814300         0.701300 
   6         0.000000       -98.013200         0.502400 
Li-F-c-.20-v-.88
   0         0.000000       -99.945200         0.000000 
   1         0.000000       -99.868300         0.076900 
   2         0.000000       -99.651400         0.293800 
   3         0.000000       -99.388500         0.556700 
   4         0.000000       -99.279500         0.665700 
   5         0.000000       -99.424700         0.520500 
   6         0.000000       -99.592500         0.352700 
Li-F-c-.20-v-.90
   0         0.000000      -101.018100         0.000000 
   1         0.000000      -100.963100         0.055000 
   2         0.000000      -100.803800         0.214300 
   3         0.000000      -100.606000         0.412100 
   4         0.000000      -100.527000         0.491100 
   5         0.000000      -100.652700         0.365400 
   6         0.000000      -100.793700         0.224400 
Li-F-c-.20-v-.92
   0         0.000000      -101.805000         0.000000 
   1         0.000000      -101.769400         0.035600 
   2         0.000000      -101.659800         0.145200 
   3         0.000000      -101.517300         0.287700 
   4         0.000000      -101.464800         0.340200 
   5         0.000000      -101.553900         0.251100 
   6         0.000000      -101.690900         0.114100 
Li-F-c-.20-v-.94
   0         0.000000      -102.420200         0.000000 
   1         0.000000      -102.402500         0.017700 
   2         0.000000      -102.334800         0.085400 
   3         0.000000      -102.194900         0.225300 
   4         0.000000      -102.209900         0.210300 
   5         0.000000      -102.303200         0.117000 
   6         0.000000      -102.400900         0.019300 
Li-F-c-.20-v-.96
   0         0.000000      -102.812800         0.000000 
   1         0.000000      -102.808100         0.004700 
   2         0.000000      -102.779000         0.033800 
   3         0.000000      -102.726200         0.086600 
   4         0.000000      -102.715000         0.097800 
   5         0.000000      -102.795000         0.017800 
   6         0.000000      -102.875300        -0.062500 
Li-F-c-.20-v-.98
   0         0.000000      -103.087900         0.000000 
   1         0.000000      -103.095900        -0.008000 
   2         0.000000      -103.099300        -0.011400 
   3         0.000000      -103.082400         0.005500 
   4         0.000000      -103.087900         0.000000 
   5         0.000000      -103.156000        -0.068100 
   6         0.000000      -103.220900        -0.133000 
Li-F-c-.20-v-1.00
   0         0.000000      -103.342700         0.000000 
   1         0.000000      -103.361600        -0.018900 
   2         0.000000      -103.393000        -0.050300 
   3         0.000000      -103.442600        -0.099900 
   4         0.000000      -103.427100        -0.084400 
   5         0.000000      -103.484700        -0.142000 
   6         0.000000      -103.536000        -0.193300 
Li-F-c-.20-v-1.02
   0         0.000000      -103.501600         0.000000 
   1         0.000000      -103.529800        -0.028200 
   2         0.000000      -103.585900        -0.084300 
   3         0.000000      -103.644100        -0.142500 
   4         0.000000      -103.658900        -0.157300 
   5         0.000000      -103.707400        -0.205800 
   6         0.000000      -103.746700        -0.245100 
Li-F-c-.20-v-1.04
   0         0.000000      -103.641600         0.000000 
   1         0.000000      -103.678200        -0.036600 
   2         0.000000      -103.755000        -0.113400 
   3         0.000000      -103.875400        -0.233800 
   4         0.000000      -103.862000        -0.220400 
   5         0.000000      -103.902100        -0.260500 
   6         0.000000      -103.930700        -0.289100 
Li-F-c-.20-v-1.06
   0         0.000000      -103.769900         0.000000 
   1         0.000000      -103.813200        -0.043300 
   2         0.000000      -103.908600        -0.138700 
   3         0.000000      -104.020100        -0.250200 
   4         0.000000      -104.044500        -0.274600 
   5         0.000000      -104.077300        -0.307400 
   6         0.000000      -104.096300        -0.326400 
Li-F-c-.20-v-1.08
   0         0.000000      -103.869500         0.000000 
   1         0.000000      -103.918700        -0.049200 
   2         0.000000      -104.029500        -0.160000 
   3         0.000000      -104.131400        -0.261900 
   4         0.000000      -104.190400        -0.320900 
   5         0.000000      -104.216500        -0.347000 
   6         0.000000      -104.227000        -0.357500 
Li-F-c-.25-v-.80
   0         0.000000      -100.820100         0.000000 
   1         0.000000      -100.615700         0.204400 
   2         0.000000      -100.060300         0.759800 
   3         0.000000       -99.457500         1.362600 
   4         0.000000       -99.145900         1.674200 
   5         0.000000       -99.401800         1.418300 
   6         0.000000       -99.723100         1.097000 
Li-F-c-.25-v-.82
   0         0.000000      -105.352000         0.000000 
   1         0.000000      -105.188400         0.163600 
   2         0.000000      -104.740300         0.611700 
   3         0.000000      -104.220000         1.132000 
   4         0.000000      -103.994900         1.357100 
   5         0.000000      -104.219100         1.132900 
   6         0.000000      -104.495000         0.857000 
Li-F-c-.25-v-.84
   0         0.000000      -108.913500         0.000000 
   1         0.000000      -108.784700         0.128800 
   2         0.000000      -108.428200         0.485300 
   3         0.000000      -108.009200         0.904300 
   4         0.000000      -107.830200         1.083300 
   5         0.000000      -108.026000         0.887500 
   6         0.000000      -108.261400         0.652100 
Li-F-c-.25-v-.86
   0         0.000000      -111.742000         0.000000 
   1         0.000000      -111.642500         0.099500 
   2         0.000000      -111.364900         0.377100 
   3         0.000000      -111.033400         0.708600 
   4         0.000000      -110.894600         0.847400 
   5         0.000000      -111.065200         0.676800 
   6         0.000000      -111.264700         0.477300 
Li-F-c-.25-v-.88
   0         0.000000      -114.018900         0.000000 
   1         0.000000      -113.944800         0.074100 
   2         0.000000      -113.734500         0.284400 
   3         0.000000      -113.478600         0.540300 
   4         0.000000      -113.374800         0.644100 
   5         0.000000      -113.523200         0.495700 
   6         0.000000      -113.691100         0.327800 
Li-F-c-.25-v-.90
   0         0.000000      -115.847300         0.000000 
   1         0.000000      -115.795100         0.052200 
   2         0.000000      -115.642700         0.204600 
   3         0.000000      -115.451800         0.395500 
   4         0.000000      -115.378400         0.468900 
   5         0.000000      -115.506500         0.340800 
   6         0.000000      -115.647800         0.199500 
Li-F-c-.25-v-.92
   0         0.000000      -117.309800         0.000000 
   1         0.000000      -117.277600         0.032200 
   2         0.000000      -117.174200         0.135600 
   3         0.000000      -117.015300         0.294500 
   4         0.000000      -116.992100         0.317700 
   5         0.000000      -117.102500         0.207300 
   6         0.000000      -117.220600         0.089200 
Li-F-c-.25-v-.94
   0         0.000000      -118.529000         0.000000 
   1         0.000000      -118.512500         0.016500 
   2         0.000000      -118.453000         0.076000 
   3         0.000000      -118.366500         0.162500 
   4         0.000000      -118.341500         0.187500 
   5         0.000000      -118.436800         0.092200 
   6         0.000000      -118.534600        -0.005600 
Li-F-c-.25-v-.96
   0         0.000000      -119.463700         0.000000 
   1         0.000000      -119.461900         0.001800 
   2         0.000000      -119.440300         0.023400 
   3         0.000000      -119.394900         0.068800 
   4         0.000000      -119.389400         0.074300 
   5         0.000000      -119.471200        -0.007500 
   6         0.000000      -119.551400        -0.087700 
Li-F-c-.25-v-.98
   0         0.000000      -120.223900         0.000000 
   1         0.000000      -120.234800        -0.010900 
   2         0.000000      -120.245400        -0.021500 
   3         0.000000      -120.236500        -0.012600 
   4         0.000000      -120.247600        -0.023700 
   5         0.000000      -120.317400        -0.093500 
   6         0.000000      -120.382200        -0.158300 
Li-F-c-.25-v-1.00
   0         0.000000      -120.911100         0.000000 
   1         0.000000      -120.932800        -0.021700 
   2         0.000000      -120.972000        -0.060900 
   3         0.000000      -121.045200        -0.134100 
   4         0.000000      -121.019600        -0.108500 
   5         0.000000      -121.079000        -0.167900 
   6         0.000000      -121.130200        -0.219100 
Li-F-c-.25-v-1.02
   0         0.000000      -121.458900         0.000000 
   1         0.000000      -121.490200        -0.031300 
   2         0.000000      -121.553900        -0.095000 
   3         0.000000      -121.603500        -0.144600 
   4         0.000000      -121.641000        -0.182100 
   5         0.000000      -121.691000        -0.232100 
   6         0.000000      -121.730100        -0.271200 
Li-F-c-.25-v-1.04
   0         0.000000      -121.946800         0.000000 
   1         0.000000      -121.986300        -0.039500 
   2         0.000000      -122.071200        -0.124400 
   3         0.000000      -122.144500        -0.197700 
   4         0.000000      -122.192500        -0.245700 
   5         0.000000      -122.234200        -0.287400 
   6         0.000000      -122.262500        -0.315700 
Li-F-c-.25-v-1.06
   0         0.000000      -122.386600         0.000000 
   1         0.000000      -122.433300        -0.046700 
   2         0.000000      -122.536500        -0.149900 
   3         0.000000      -122.630200        -0.243600 
   4         0.000000      -122.687200        -0.300600 
   5         0.000000      -122.721300        -0.334700 
   6         0.000000      -122.740000        -0.353400 
Li-F-c-.25-v-1.08
   0         0.000000      -122.767500         0.000000 
   1         0.000000      -122.819900        -0.052400 
   2         0.000000      -122.939100        -0.171600 
   3         0.000000      -123.050200        -0.282700 
   4         0.000000      -123.115000        -0.347500 
   5         0.000000      -123.142400        -0.374900 
   6         0.000000      -123.152600        -0.385100 
Li-F-c-.30-v-.80
   0         0.000000      -110.431100         0.000000 
   1         0.000000      -110.229400         0.201700 
   2         0.000000      -109.680300         0.750800 
   3         0.000000      -109.049700         1.381400 
   4         0.000000      -108.776400         1.654700 
   5         0.000000      -109.037500         1.393600 
   6         0.000000      -109.360300         1.070800 
Li-F-c-.30-v-.82
   0         0.000000      -116.166000         0.000000 
   1         0.000000      -116.005200         0.160800 
   2         0.000000      -115.563400         0.602600 
   3         0.000000      -115.049300         1.116700 
   4         0.000000      -114.829100         1.336900 
   5         0.000000      -115.057800         1.108200 
   6         0.000000      -115.334800         0.831200 
Li-F-c-.30-v-.84
   0         0.000000      -120.795900         0.000000 
   1         0.000000      -120.669700         0.126200 
   2         0.000000      -120.319800         0.476100 
   3         0.000000      -119.907400         0.888500 
   4         0.000000      -119.733400         1.062500 
   5         0.000000      -119.932900         0.863000 
   6         0.000000      -120.169200         0.626700 
Li-F-c-.30-v-.86
   0         0.000000      -124.575200         0.000000 
   1         0.000000      -124.478400         0.096800 
   2         0.000000      -124.207100         0.368100 
   3         0.000000      -123.882700         0.692500 
   4         0.000000      -123.749000         0.826200 
   5         0.000000      -123.922800         0.652400 
   6         0.000000      -124.123000         0.452200 
Li-F-c-.30-v-.88
   0         0.000000      -127.694600         0.000000 
   1         0.000000      -127.623400         0.071200 
   2         0.000000      -127.419200         0.275400 
   3         0.000000      -127.170500         0.524100 
   4         0.000000      -127.072100         0.622500 
   5         0.000000      -127.222700         0.471900 
   6         0.000000      -127.391500         0.303100 
Li-F-c-.30-v-.90
   0         0.000000      -130.272900         0.000000 
   1         0.000000      -130.223300         0.049600 
   2         0.000000      -130.072500         0.200400 
   3         0.000000      -129.893800         0.379100 
   4         0.000000      -129.825700         0.447200 
   5         0.000000      -129.956300         0.316600 
   6         0.000000      -130.097900         0.175000 
Li-F-c-.30-v-.92
   0         0.000000      -132.404800         0.000000 
   1         0.000000      -132.374400         0.030400 
   2         0.000000      -132.278300         0.126500 
   3         0.000000      -132.151000         0.253800 
   4         0.000000      -132.109000         0.295800 
   5         0.000000      -132.221800         0.183000 
   6         0.000000      -132.340100         0.064700 
Li-F-c-.30-v-.94
   0         0.000000      -134.221100         0.000000 
   1         0.000000      -134.208100         0.013000 
   2         0.000000      -134.154600         0.066500 
   3         0.000000      -134.075200         0.145900 
   4         0.000000      -134.056200         0.164900 
   5         0.000000      -134.153400         0.067700 
   6         0.000000      -134.251200        -0.030100 
Li-F-c-.30-v-.96
   0         0.000000      -135.691100         0.000000 
   1         0.000000      -135.692300        -0.001200 
   2         0.000000      -135.676800         0.014300 
   3         0.000000      -135.668400         0.022700 
   4         0.000000      -135.639300         0.051800 
   5         0.000000      -135.723100        -0.032000 
   6         0.000000      -135.803300        -0.112200 
Li-F-c-.30-v-.98
   0         0.000000      -136.928600         0.000000 
   1         0.000000      -136.942300        -0.013700 
   2         0.000000      -136.959800        -0.031200 
   3         0.000000      -136.958900        -0.030300 
   4         0.000000      -136.975300        -0.046700 
   5         0.000000      -137.047000        -0.118400 
   6         0.000000      -137.111700        -0.183100 
Li-F-c-.30-v-1.00
   0         0.000000      -138.040500         0.000000 
   1         0.000000      -138.065300        -0.024800 
   2         0.000000      -138.111100        -0.070600 
   3         0.000000      -138.141800        -0.101300 
   4         0.000000      -138.172700        -0.132200 
   5         0.000000      -138.233600        -0.193100 
   6         0.000000      -138.284600        -0.244100 
Li-F-c-.30-v-1.02
   0         0.000000      -138.969100         0.000000 
   1         0.000000      -139.003500        -0.034400 
   2         0.000000      -139.074200        -0.105100 
   3         0.000000      -139.131800        -0.162700 
   4         0.000000      -139.175400        -0.206300 
   5         0.000000      -139.226800        -0.257700 
   6         0.000000      -139.265600        -0.296500 
Li-F-c-.30-v-1.04
   0         0.000000      -139.796700         0.000000 
   1         0.000000      -139.839300        -0.042600 
   2         0.000000      -139.931400        -0.134700 
   3         0.000000      -140.039300        -0.242600 
   4         0.000000      -140.066800        -0.270100 
   5         0.000000      -140.110100        -0.313400 
   6         0.000000      -140.138100        -0.341400 
Li-F-c-.30-v-1.06
   0         0.000000      -140.539500         0.000000 
   1         0.000000      -140.589100        -0.049600 
   2         0.000000      -140.700100        -0.160600 
   3         0.000000      -140.802300        -0.262800 
   4         0.000000      -140.864900        -0.325400 
   5         0.000000      -140.900100        -0.360600 
   6         0.000000      -140.919000        -0.379500 
Li-F-c-.30-v-1.08
   0         0.000000      -141.193100         0.000000 
   1         0.000000      -141.248700        -0.055600 
   2         0.000000      -141.375600        -0.182500 
   3         0.000000      -141.588400        -0.395300 
   4         0.000000      -141.565900        -0.372800 
   5         0.000000      -141.594800        -0.401700 
   6         0.000000      -141.604600        -0.411500 
Li-F-c-.35-v-.80
   0         0.000000      -119.664200         0.000000 
   1         0.000000      -119.465300         0.198900 
   2         0.000000      -118.922200         0.742000 
   3         0.000000      -118.297400         1.366800 
   4         0.000000      -118.028800         1.635400 
   5         0.000000      -118.295000         1.369200 
   6         0.000000      -118.619300         1.044900 
Li-F-c-.35-v-.82
   0         0.000000      -126.599900         0.000000 
   1         0.000000      -126.441700         0.158200 
   2         0.000000      -126.006200         0.593700 
   3         0.000000      -125.498300         1.101600 
   4         0.000000      -125.283000         1.316900 
   5         0.000000      -125.516100         1.083800 
   6         0.000000      -125.794200         0.805700 
Li-F-c-.35-v-.84
   0         0.000000      -132.295200         0.000000 
   1         0.000000      -132.171600         0.123600 
   2         0.000000      -131.827900         0.467300 
   3         0.000000      -131.422000         0.873200 
   4         0.000000      -131.253300         1.041900 
   5         0.000000      -131.456500         0.838700 
   6         0.000000      -131.693700         0.601500 
Li-F-c-.35-v-.86
   0         0.000000      -137.021300         0.000000 
   1         0.000000      -136.927100         0.094200 
   2         0.000000      -136.662100         0.359200 
   3         0.000000      -136.344500         0.676800 
   4         0.000000      -136.215900         0.805400 
   5         0.000000      -136.392900         0.628400 
   6         0.000000      -136.593800         0.427500 
Li-F-c-.35-v-.88
   0         0.000000      -140.978600         0.000000 
   1         0.000000      -140.909700         0.068900 
   2         0.000000      -140.712200         0.266400 
   3         0.000000      -140.470500         0.508100 
   4         0.000000      -140.377300         0.601300 
   5         0.000000      -140.530900         0.447700 
   6         0.000000      -140.700100         0.278500 
Li-F-c-.35-v-.90
   0         0.000000      -144.301700         0.000000 
   1         0.000000      -144.254900         0.046800 
   2         0.000000      -144.115200         0.186500 
   3         0.000000      -143.938300         0.363400 
   4         0.000000      -143.876000         0.425700 
   5         0.000000      -144.010000         0.291700 
   6         0.000000      -144.151000         0.150700 
Li-F-c-.35-v-.92
   0         0.000000      -147.097300         0.000000 
   1         0.000000      -147.069600         0.027700 
   2         0.000000      -146.980000         0.117300 
   3         0.000000      -146.820200         0.277100 
   4         0.000000      -146.823300         0.274000 
   5         0.000000      -146.938500         0.158800 
   6         0.000000      -147.056700         0.040600 
Li-F-c-.35-v-.94
   0         0.000000      -149.504400         0.000000 
   1         0.000000      -149.493200         0.011200 
   2         0.000000      -149.446900         0.057500 
   3         0.000000      -149.375300         0.129100 
   4         0.000000      -149.361200         0.143200 
   5         0.000000      -149.461200         0.043200 
   6         0.000000      -149.558500        -0.054100 
Li-F-c-.35-v-.96
   0         0.000000      -151.502800         0.000000 
   1         0.000000      -151.506400        -0.003600 
   2         0.000000      -151.497700         0.005100 
   3         0.000000      -151.468000         0.034800 
   4         0.000000      -151.473000         0.029800 
   5         0.000000      -151.558900        -0.056100 
   6         0.000000      -151.639100        -0.136300 
Li-F-c-.35-v-.98
   0         0.000000      -153.210800         0.000000 
   1         0.000000      -153.227200        -0.016400 
   2         0.000000      -153.251300        -0.040500 
   3         0.000000      -153.258100        -0.047300 
   4         0.000000      -153.279700        -0.068900 
   5         0.000000      -153.353700        -0.142900 
   6         0.000000      -153.418000        -0.207200 
Li-F-c-.35-v-1.00
   0         0.000000      -154.740200         0.000000 
   1         0.000000      -154.767700        -0.027500 
   2         0.000000      -154.820400        -0.080200 
   3         0.000000      -154.828300        -0.088100 
   4         0.000000      -154.895000        -0.154800 
   5         0.000000      -154.957700        -0.217500 
   6         0.000000      -155.008600        -0.268400 
Li-F-c-.35-v-1.02
   0         0.000000      -156.042100         0.000000 
   1         0.000000      -156.079100        -0.037000 
   2         0.000000      -156.156700        -0.114600 
   3         0.000000      -156.201100        -0.159000 
   4         0.000000      -156.270900        -0.228800 
   5         0.000000      -156.324400        -0.282300 
   6         0.000000      -156.363100        -0.321000 
Li-F-c-.35-v-1.04
   0         0.000000      -157.201600         0.000000 
   1         0.000000      -157.246800        -0.045200 
   2         0.000000      -157.345800        -0.144200 
   3         0.000000      -157.376100        -0.174500 
   4         0.000000      -157.494900        -0.293300 
   5         0.000000      -157.539700        -0.338100 
   6         0.000000      -157.567700        -0.366100 
Li-F-c-.35-v-1.06
   0         0.000000      -158.239500         0.000000 
   1         0.000000      -158.291800        -0.052300 
   2         0.000000      -158.410000        -0.170500 
   3         0.000000      -158.471200        -0.231700 
   4         0.000000      -158.588900        -0.349400 
   5         0.000000      -158.625800        -0.386300 
   6         0.000000      -158.644000        -0.404500 
Li-F-c-.35-v-1.08
   0         0.000000      -159.157400         0.000000 
   1         0.000000      -159.215900        -0.058500 
   2         0.000000      -159.350200        -0.192800 
   3         0.000000      -159.478400        -0.321000 
   4         0.000000      -159.554400        -0.397000 
   5         0.000000      -159.584700        -0.427300 
   6         0.000000      -159.594400        -0.437000 
Li-F-c-.40-v-.80
   0         0.000000      -128.523800         0.000000 
   1         0.000000      -128.327200         0.196600 
   2         0.000000      -127.790200         0.733600 
   3         0.000000      -127.171200         1.352600 
   4         0.000000      -126.907200         1.616600 
   5         0.000000      -127.178300         1.345500 
   6         0.000000      -127.504100         1.019700 
Li-F-c-.40-v-.82
   0         0.000000      -136.658300         0.000000 
   1         0.000000      -136.502600         0.155700 
   2         0.000000      -136.073100         0.585200 
   3         0.000000      -135.571500         1.086800 
   4         0.000000      -135.361100         1.297200 
   5         0.000000      -135.598300         1.060000 
   6         0.000000      -135.877600         0.780700 
Li-F-c-.40-v-.84
   0         0.000000      -143.416300         0.000000 
   1         0.000000      -143.295200         0.121100 
   2         0.000000      -142.957700         0.458600 
   3         0.000000      -142.558200         0.858100 
   4         0.000000      -142.394700         1.021600 
   5         0.000000      -142.601700         0.814600 
   6         0.000000      -142.839500         0.576800 
Li-F-c-.40-v-.86
   0         0.000000      -149.085400         0.000000 
   1         0.000000      -148.993600         0.091800 
   2         0.000000      -148.734800         0.350600 
   3         0.000000      -148.423900         0.661500 
   4         0.000000      -148.300800         0.784600 
   5         0.000000      -148.481000         0.604400 
   6         0.000000      -148.682400         0.403000 
Li-F-c-.40-v-.88
   0         0.000000      -153.876700         0.000000 
   1         0.000000      -153.788800         0.087900 
   2         0.000000      -153.619200         0.257500 
   3         0.000000      -153.384300         0.492400 
   4         0.000000      -153.296300         0.580400 
   5         0.000000      -153.452800         0.423900 
   6         0.000000      -153.622400         0.254300 
Li-F-c-.40-v-.90
   0         0.000000      -157.939800         0.000000 
   1         0.000000      -157.895700         0.044100 
   2         0.000000      -157.762200         0.177600 
   3         0.000000      -157.592800         0.347000 
   4         0.000000      -157.535300         0.404500 
   5         0.000000      -157.671000         0.268800 
   6         0.000000      -157.813100         0.126700 
Li-F-c-.40-v-.92
   0         0.000000      -161.393800         0.000000 
   1         0.000000      -161.368500         0.025300 
   2         0.000000      -161.285200         0.108600 
   3         0.000000      -161.172300         0.221500 
   4         0.000000      -161.141200         0.252600 
   5         0.000000      -161.258600         0.135200 
   6         0.000000      -161.377000         0.016800 
Li-F-c-.40-v-.94
   0         0.000000      -164.385700         0.000000 
   1         0.000000      -164.377000         0.008700 
   2         0.000000      -164.337300         0.048400 
   3         0.000000      -164.272700         0.113000 
   4         0.000000      -164.264400         0.121300 
   5         0.000000      -164.365600         0.020100 
   6         0.000000      -164.463500        -0.077800 
Li-F-c-.40-v-.96
   0         0.000000      -166.906600         0.000000 
   1         0.000000      -166.912600        -0.006000 
   2         0.000000      -166.910300        -0.003700 
   3         0.000000      -166.887300         0.019300 
   4         0.000000      -166.898500         0.008100 
   5         0.000000      -166.986300        -0.079700 
   6         0.000000      -167.066500        -0.159900 
Li-F-c-.40-v-.98
   0         0.000000      -169.078600         0.000000 
   1         0.000000      -169.097500        -0.018900 
   2         0.000000      -169.128100        -0.049500 
   3         0.000000      -169.142100        -0.063500 
   4         0.000000      -169.169300        -0.090700 
   5         0.000000      -169.245500        -0.166900 
   6         0.000000      -169.309300        -0.230700 
Li-F-c-.40-v-1.00
   0         0.000000      -171.018800         0.000000 
   1         0.000000      -171.048900        -0.030100 
   2         0.000000      -171.108000        -0.089200 
   3         0.000000      -171.153800        -0.135000 
   4         0.000000      -171.195000        -0.176200 
   5         0.000000      -171.260000        -0.241200 
   6         0.000000      -171.310800        -0.292000 
Li-F-c-.40-v-1.02
   0         0.000000      -172.687000         0.000000 
   1         0.000000      -172.726500        -0.039500 
   2         0.000000      -172.810700        -0.123700 
   3         0.000000      -172.884100        -0.197100 
   4         0.000000      -172.937900        -0.250900 
   5         0.000000      -172.993100        -0.306100 
   6         0.000000      -173.031700        -0.344700 
Li-F-c-.40-v-1.04
   0         0.000000      -174.171300         0.000000 
   1         0.000000      -174.219000        -0.047700 
   2         0.000000      -174.325000        -0.153700 
   3         0.000000      -174.392300        -0.221000 
   4         0.000000      -174.487000        -0.315700 
   5         0.000000      -174.533500        -0.362200 
   6         0.000000      -174.561300        -0.390000 
Li-F-c-.40-v-1.06
   0         0.000000      -175.496800         0.000000 
   1         0.000000      -175.551800        -0.055000 
   2         0.000000      -175.676600        -0.179800 
   3         0.000000      -175.732200        -0.235400 
   4         0.000000      -175.868100        -0.371300 
   5         0.000000      -175.907400        -0.410600 
   6         0.000000      -175.925500        -0.428700 
Li-F-c-.40-v-1.08
   0         0.000000      -176.671400         0.000000 
   1         0.000000      -176.732600        -0.061200 
   2         0.000000      -176.873800        -0.202400 
   3         0.000000      -177.009900        -0.338500 
   4         0.000000      -177.091400        -0.420000 
   5         0.000000      -177.123400        -0.452000 
   6         0.000000      -177.132900        -0.461500 
Li-F-c-.45-v-.80
   0         0.000000      -137.012900         0.000000 
   1         0.000000      -136.818700         0.194200 
   2         0.000000      -136.287400         0.725500 
   3         0.000000      -135.674100         1.338800 
   4         0.000000      -135.415000         1.597900 
   5         0.000000      -135.690800         1.322100 
   6         0.000000      -136.017800         0.995100 
Li-F-c-.45-v-.82
   0         0.000000      -146.344600         0.000000 
   1         0.000000      -146.191500         0.153100 
   2         0.000000      -145.767600         0.577000 
   3         0.000000      -145.272400         1.072200 
   4         0.000000      -145.066800         1.277800 
   5         0.000000      -145.308100         1.036500 
   6         0.000000      -145.588200         0.756400 
Li-F-c-.45-v-.84
   0         0.000000      -154.162700         0.000000 
   1         0.000000      -154.044100         0.118600 
   2         0.000000      -153.712500         0.450200 
   3         0.000000      -153.319600         0.843100 
   4         0.000000      -153.161000         1.001700 
   5         0.000000      -153.371400         0.791300 
   6         0.000000      -153.610100         0.552600 
Li-F-c-.45-v-.86
   0         0.000000      -160.771500         0.000000 
   1         0.000000      -160.682300         0.089200 
   2         0.000000      -160.429500         0.342000 
   3         0.000000      -160.125200         0.646300 
   4         0.000000      -160.007400         0.764100 
   5         0.000000      -160.190600         0.580900 
   6         0.000000      -160.392500         0.379000 
Li-F-c-.45-v-.88
   0         0.000000      -166.393200         0.000000 
   1         0.000000      -166.329400         0.063800 
   2         0.000000      -166.144500         0.248700 
   3         0.000000      -165.916300         0.476900 
   4         0.000000      -165.833700         0.559500 
   5         0.000000      -165.992900         0.400300 
   6         0.000000      -166.162800         0.230400 
Li-F-c-.45-v-.90
   0         0.000000      -171.192200         0.000000 
   1         0.000000      -171.150200         0.042000 
   2         0.000000      -171.022900         0.169300 
   3         0.000000      -170.860800         0.331400 
   4         0.000000      -170.808600         0.383600 
   5         0.000000      -170.947700         0.244500 
   6         0.000000      -171.089200         0.103000 
Li-F-c-.45-v-.92
   0         0.000000      -175.299800         0.000000 
   1         0.000000      -175.276900         0.022900 
   2         0.000000      -175.200300         0.099500 
   3         0.000000      -175.094600         0.205200 
   4         0.000000      -175.068600         0.231200 
   5         0.000000      -175.188100         0.111700 
   6         0.000000      -175.306600        -0.006800 
Li-F-c-.45-v-.94
   0         0.000000      -178.871400         0.000000 
   1         0.000000      -178.866400         0.005000 
   2         0.000000      -178.837900         0.033500 
   3         0.000000      -178.774200         0.097200 
   4         0.000000      -178.770900         0.100500 
   5         0.000000      -178.874600        -0.003200 
   6         0.000000      -178.972600        -0.101200 
Li-F-c-.45-v-.96
   0         0.000000      -181.909300         0.000000 
   1         0.000000      -181.917800        -0.008500 
   2         0.000000      -181.921700        -0.012400 
   3         0.000000      -181.906500         0.002800 
   4         0.000000      -181.922300        -0.013000 
   5         0.000000      -182.012200        -0.102900 
   6         0.000000      -182.092400        -0.183100 
Li-F-c-.45-v-.98
   0         0.000000      -184.539500         0.000000 
   1         0.000000      -184.562500        -0.023000 
   2         0.000000      -184.597800        -0.058300 
   3         0.000000      -184.618800        -0.079300 
   4         0.000000      -184.651400        -0.111900 
   5         0.000000      -184.729100        -0.189600 
   6         0.000000      -184.793400        -0.253900 
Li-F-c-.45-v-1.00
   0         0.000000      -186.884700         0.000000 
   1         0.000000      -186.917100        -0.032400 
   2         0.000000      -186.982400        -0.097700 
   3         0.000000      -187.036200        -0.151500 
   4         0.000000      -187.082500        -0.197800 
   5         0.000000      -187.149000        -0.264300 
   6         0.000000      -187.199700        -0.315000 
Li-F-c-.45-v-1.02
   0         0.000000      -188.912800         0.000000 
   1         0.000000      -188.954700        -0.041900 
   2         0.000000      -189.045100        -0.132300 
   3         0.000000      -189.125900        -0.213100 
   4         0.000000      -189.185100        -0.272300 
   5         0.000000      -189.242100        -0.329300 
   6         0.000000      -189.280600        -0.367800 
Li-F-c-.45-v-1.04
   0         0.000000      -190.715200         0.000000 
   1         0.000000      -190.765200        -0.050000 
   2         0.000000      -190.877300        -0.162100 
   3         0.000000      -190.982300        -0.267100 
   4         0.000000      -191.052100        -0.336900 
   5         0.000000      -191.100500        -0.385300 
   6         0.000000      -191.128300        -0.413100 
Li-F-c-.45-v-1.06
   0         0.000000      -192.321500         0.000000 
   1         0.000000      -192.378900        -0.057400 
   2         0.000000      -192.510100        -0.188600 
   3         0.000000      -192.635900        -0.314400 
   4         0.000000      -192.714800        -0.393300 
   5         0.000000      -192.755500        -0.434000 
   6         0.000000      -192.773500        -0.452000 
Li-F-c-.45-v-1.08
   0         0.000000      -193.745700         0.000000 
   1         0.000000      -193.809400        -0.063700 
   2         0.000000      -193.957000        -0.211300 
   3         0.000000      -194.072900        -0.327200 
   4         0.000000      -194.187600        -0.441900 
   5         0.000000      -194.222000        -0.476300 
   6         0.000000      -194.230700        -0.485000 
Li-F-c-.50-v-.80
   0         0.000000      -145.131900         0.000000 
   1         0.000000      -144.940000         0.191900 
   2         0.000000      -144.414100         0.717800 
   3         0.000000      -143.806800         1.325100 
   4         0.000000      -143.552900         1.579000 
   5         0.000000      -143.832800         1.299100 
   6         0.000000      -144.160500         0.971400 
Li-F-c-.50-v-.82
   0         0.000000      -155.659600         0.000000 
   1         0.000000      -155.508600         0.151000 
   2         0.000000      -155.090400         0.569200 
   3         0.000000      -154.601900         1.057700 
   4         0.000000      -154.401100         1.258500 
   5         0.000000      -154.645800         1.013800 
   6         0.000000      -154.926600         0.733000 
Li-F-c-.50-v-.84
   0         0.000000      -164.535600         0.000000 
   1         0.000000      -164.419400         0.116200 
   2         0.000000      -164.093500         0.442100 
   3         0.000000      -163.707100         0.828500 
   4         0.000000      -163.553800         0.981800 
   5         0.000000      -163.767500         0.768100 
   6         0.000000      -164.006400         0.529200 
Li-F-c-.50-v-.86
   0         0.000000      -172.081400         0.000000 
   1         0.000000      -171.994500         0.086900 
   2         0.000000      -171.747700         0.333700 
   3         0.000000      -171.450100         0.631300 
   4         0.000000      -171.337200         0.744200 
   5         0.000000      -171.523700         0.557700 
   6         0.000000      -171.725800         0.355600 
Li-F-c-.50-v-.88
   0         0.000000      -178.530700         0.000000 
   1         0.000000      -178.469800         0.060900 
   2         0.000000      -178.290000         0.240700 
   3         0.000000      -178.068800         0.461900 
   4         0.000000      -177.991800         0.538900 
   5         0.000000      -178.153200         0.377500 
   6         0.000000      -178.323500         0.207200 
Li-F-c-.50-v-.90
   0         0.000000      -184.062200         0.000000 
   1         0.000000      -184.022700         0.039500 
   2         0.000000      -183.901900         0.160300 
   3         0.000000      -183.746000         0.316200 
   4         0.000000      -183.699200         0.363000 
   5         0.000000      -183.840500         0.221700 
   6         0.000000      -183.982400         0.079800 
Li-F-c-.50-v-.92
   0         0.000000      -188.819700         0.000000 
   1         0.000000      -188.799400         0.020300 
   2         0.000000      -188.728600         0.091100 
   3         0.000000      -188.605100         0.214600 
   4         0.000000      -188.608600         0.211100 
   5         0.000000      -188.730900         0.088800 
   6         0.000000      -188.849500        -0.029800 
Li-F-c-.50-v-.94
   0         0.000000      -192.966600         0.000000 
   1         0.000000      -192.962800         0.003800 
   2         0.000000      -192.935100         0.031500 
   3         0.000000      -192.884800         0.081800 
   4         0.000000      -192.886700         0.079900 
   5         0.000000      -192.992700        -0.026100 
   6         0.000000      -193.090800        -0.124200 
Li-F-c-.50-v-.96
   0         0.000000      -196.517100         0.000000 
   1         0.000000      -196.528400        -0.011300 
   2         0.000000      -196.538100        -0.021000 
   3         0.000000      -196.529600        -0.012500 
   4         0.000000      -196.551200        -0.034100 
   5         0.000000      -196.642900        -0.125800 
   6         0.000000      -196.723000        -0.205900 
Li-F-c-.50-v-.98
   0         0.000000      -199.600700         0.000000 
   1         0.000000      -199.624800        -0.024100 
   2         0.000000      -199.666900        -0.066200 
   3         0.000000      -199.695100        -0.094400 
   4         0.000000      -199.732900        -0.132200 
   5         0.000000      -199.812600        -0.211900 
   6         0.000000      -199.877100        -0.276400 
Li-F-c-.50-v-1.00
   0         0.000000      -202.345600         0.000000 
   1         0.000000      -202.380200        -0.034600 
   2         0.000000      -202.452000        -0.106400 
   3         0.000000      -202.511600        -0.166000 
   4         0.000000      -202.563700        -0.218100 
   5         0.000000      -202.632600        -0.287000 
   6         0.000000      -202.683100        -0.337500 
Li-F-c-.50-v-1.02
   0         0.000000      -204.727900         0.000000 
   1         0.000000      -204.772700        -0.044800 
   2         0.000000      -204.868300        -0.140400 
   3         0.000000      -204.956200        -0.228300 
   4         0.000000      -205.020500        -0.292600 
   5         0.000000      -205.079500        -0.351600 
   6         0.000000      -205.118100        -0.390200 
Li-F-c-.50-v-1.04
   0         0.000000      -206.842400         0.000000 
   1         0.000000      -206.894800        -0.052400 
   2         0.000000      -207.013200        -0.170800 
   3         0.000000      -207.124900        -0.282500 
   4         0.000000      -207.200400        -0.358000 
   5         0.000000      -207.250100        -0.407700 
   6         0.000000      -207.277900        -0.435500 
Li-F-c-.50-v-1.06
   0         0.000000      -208.723300         0.000000 
   1         0.000000      -208.783100        -0.059800 
   2         0.000000      -208.920200        -0.196900 
   3         0.000000      -209.009800        -0.286500 
   4         0.000000      -209.137300        -0.414000 
   5         0.000000      -209.179900        -0.456600 
   6         0.000000      -209.197900        -0.474600 
Li-F-c-.50-v-1.08
   0         0.000000      -210.390500         0.000000 
   1         0.000000      -210.456400        -0.065900 
   2         0.000000      -210.610100        -0.219600 
   3         0.000000      -210.761200        -0.370700 
   4         0.000000      -210.858600        -0.468100 
   5         0.000000      -210.888700        -0.498200 
   6         0.000000      -210.898200        -0.507700 
Li-F-c-.55-v-.80
   0         0.000000      -152.873600         0.000000 
   1         0.000000      -152.684000         0.189600 
   2         0.000000      -152.163700         0.709900 
   3         0.000000      -151.562700         1.310900 
   4         0.000000      -151.314100         1.559500 
   5         0.000000      -151.597400         1.276200 
   6         0.000000      -151.925300         0.948300 
Li-F-c-.55-v-.82
   0         0.000000      -164.597200         0.000000 
   1         0.000000      -164.448500         0.148700 
   2         0.000000      -164.035900         0.561300 
   3         0.000000      -163.553100         1.044100 
   4         0.000000      -163.358500         1.238700 
   5         0.000000      -163.606300         0.990900 
   6         0.000000      -163.887100         0.710100 
Li-F-c-.55-v-.84
   0         0.000000      -174.530600         0.000000 
   1         0.000000      -174.416700         0.113900 
   2         0.000000      -174.096400         0.434200 
   3         0.000000      -173.716400         0.814200 
   4         0.000000      -173.568500         0.962100 
   5         0.000000      -173.784900         0.745700 
   6         0.000000      -174.024200         0.506400 
Li-F-c-.55-v-.86
   0         0.000000      -183.012200         0.000000 
   1         0.000000      -182.927600         0.084600 
   2         0.000000      -182.686600         0.325600 
   3         0.000000      -182.395200         0.617000 
   4         0.000000      -182.287700         0.724500 
   5         0.000000      -182.476900         0.535300 
   6         0.000000      -182.679300         0.332900 
Li-F-c-.55-v-.88
   0         0.000000      -190.288200         0.000000 
   1         0.000000      -190.229000         0.059200 
   2         0.000000      -190.055300         0.232900 
   3         0.000000      -189.840700         0.447500 
   4         0.000000      -189.768700         0.519500 
   5         0.000000      -189.933100         0.355100 
   6         0.000000      -190.103600         0.184600 
Li-F-c-.55-v-.90
   0         0.000000      -196.550600         0.000000 
   1         0.000000      -196.515400         0.035200 
   2         0.000000      -196.397800         0.152800 
   3         0.000000      -196.248800         0.301800 
   4         0.000000      -196.207600         0.343000 
   5         0.000000      -196.350600         0.200000 
   6         0.000000      -196.493200         0.057400 
Li-F-c-.55-v-.92
   0         0.000000      -201.955800         0.000000 
   1         0.000000      -201.938000         0.017800 
   2         0.000000      -201.873500         0.082300 
   3         0.000000      -201.779800         0.176000 
   4         0.000000      -201.764400         0.191400 
   5         0.000000      -201.889200         0.066600 
   6         0.000000      -202.007800        -0.052000 
Li-F-c-.55-v-.94
   0         0.000000      -206.675300         0.000000 
   1         0.000000      -206.673700         0.001600 
   2         0.000000      -206.651700         0.023600 
   3         0.000000      -206.607900         0.067400 
   4         0.000000      -206.614700         0.060600 
   5         0.000000      -206.723300        -0.048000 
   6         0.000000      -206.821600        -0.146300 
Li-F-c-.55-v-.96
   0         0.000000      -210.735100         0.000000 
   1         0.000000      -210.748300        -0.013200 
   2         0.000000      -210.764300        -0.029200 
   3         0.000000      -210.762100        -0.027000 
   4         0.000000      -210.788400        -0.053300 
   5         0.000000      -210.885000        -0.149900 
   6         0.000000      -210.962900        -0.227800 
Li-F-c-.55-v-.98
   0         0.000000      -214.268200         0.000000 
   1         0.000000      -214.297800        -0.029600 
   2         0.000000      -214.343300        -0.075100 
   3         0.000000      -214.377700        -0.109500 
   4         0.000000      -214.420300        -0.152100 
   5         0.000000      -214.501900        -0.233700 
   6         0.000000      -214.566400        -0.298200 
Li-F-c-.55-v-1.00
   0         0.000000      -217.408600         0.000000 
   1         0.000000      -217.445500        -0.036900 
   2         0.000000      -217.522600        -0.114000 
   3         0.000000      -217.589000        -0.180400 
   4         0.000000      -217.646500        -0.237900 
   5         0.000000      -217.716900        -0.308300 
   6         0.000000      -217.767800        -0.359200 
Li-F-c-.55-v-1.02
   0         0.000000      -220.140100         0.000000 
   1         0.000000      -220.186600        -0.046500 
   2         0.000000      -220.288500        -0.148400 
   3         0.000000      -220.382800        -0.242700 
   4         0.000000      -220.452300        -0.312200 
   5         0.000000      -220.513400        -0.373300 
   6         0.000000      -220.551900        -0.411800 
Li-F-c-.55-v-1.04
   0         0.000000      -222.561400         0.000000 
   1         0.000000      -222.616000        -0.054600 
   2         0.000000      -222.740900        -0.179500 
   3         0.000000      -222.902700        -0.341300 
   4         0.000000      -222.938600        -0.377200 
   5         0.000000      -222.990800        -0.429400 
   6         0.000000      -223.018500        -0.457100 
Li-F-c-.55-v-1.06
   0         0.000000      -224.711500         0.000000 
   1         0.000000      -224.773300        -0.061800 
   2         0.000000      -224.916100        -0.204600 
   3         0.000000      -225.055800        -0.344300 
   4         0.000000      -225.144900        -0.433400 
   5         0.000000      -225.189800        -0.478300 
   6         0.000000      -225.207600        -0.496100 
Li-F-c-.55-v-1.08
   0         0.000000      -226.615600         0.000000 
   1         0.000000      -226.683700        -0.068100 
   2         0.000000      -226.843000        -0.227400 
   3         0.000000      -227.001500        -0.385900 
   4         0.000000      -227.098400        -0.482800 
   5         0.000000      -227.135600        -0.520000 
   6         0.000000      -227.145000        -0.529400 
Li-F-c-.60-v-.80
   0         0.000000      -160.208600         0.000000 
   1         0.000000      -160.021200         0.187400 
   2         0.000000      -159.505900         0.702700 
   3         0.000000      -158.911100         1.297500 
   4         0.000000      -158.668200         1.540400 
   5         0.000000      -158.954500         1.254100 
   6         0.000000      -159.283000         0.925600 
Li-F-c-.60-v-.82
   0         0.000000      -173.136000         0.000000 
   1         0.000000      -172.989400         0.146600 
   2         0.000000      -172.581800         0.554200 
   3         0.000000      -172.105000         1.031000 
   4         0.000000      -171.915700         1.220300 
   5         0.000000      -172.166600         0.969400 
   6         0.000000      -172.448300         0.687700 
Li-F-c-.60-v-.84
   0         0.000000      -184.132900         0.000000 
   1         0.000000      -184.020900         0.112000 
   2         0.000000      -183.705500         0.427400 
   3         0.000000      -183.331400         0.801500 
   4         0.000000      -183.188700         0.944200 
   5         0.000000      -183.408300         0.724600 
   6         0.000000      -183.648300         0.484600 
Li-F-c-.60-v-.86
   0         0.000000      -193.554500         0.000000 
   1         0.000000      -193.471900         0.082600 
   2         0.000000      -193.235400         0.319100 
   3         0.000000      -192.950000         0.604500 
   4         0.000000      -192.847800         0.706700 
   5         0.000000      -193.039900         0.514600 
   6         0.000000      -193.242900         0.311600 
Li-F-c-.60-v-.88
   0         0.000000      -201.660400         0.000000 
   1         0.000000      -201.603400         0.057000 
   2         0.000000      -201.434600         0.225800 
   3         0.000000      -201.225400         0.435000 
   4         0.000000      -201.158400         0.502000 
   5         0.000000      -201.326300         0.334100 
   6         0.000000      -201.497000         0.163400 
Li-F-c-.60-v-.90
   0         0.000000      -208.655100         0.000000 
   1         0.000000      -208.621000         0.034100 
   2         0.000000      -208.509900         0.145200 
   3         0.000000      -208.365900         0.289200 
   4         0.000000      -208.329600         0.325500 
   5         0.000000      -208.475900         0.179200 
   6         0.000000      -208.618800         0.036300 
Li-F-c-.60-v-.92
   0         0.000000      -214.708600         0.000000 
   1         0.000000      -214.692700         0.015900 
   2         0.000000      -214.632300         0.076300 
   3         0.000000      -214.545500         0.163100 
   4         0.000000      -214.534700         0.173900 
   5         0.000000      -214.663600         0.045000 
   6         0.000000      -214.781400        -0.072800 
Li-F-c-.60-v-.94
   0         0.000000      -219.999900         0.000000 
   1         0.000000      -220.001100        -0.001200 
   2         0.000000      -219.984400         0.015500 
   3         0.000000      -219.945500         0.054400 
   4         0.000000      -219.957000         0.042900 
   5         0.000000      -220.068100        -0.068200 
   6         0.000000      -220.166900        -0.167000 
Li-F-c-.60-v-.96
   0         0.000000      -224.567200         0.000000 
   1         0.000000      -224.582200        -0.015000 
   2         0.000000      -224.603200        -0.036000 
   3         0.000000      -224.607000        -0.039800 
   4         0.000000      -224.638200        -0.071000 
   5         0.000000      -224.735900        -0.168700 
   6         0.000000      -224.815700        -0.248500 
Li-F-c-.60-v-.98
   0         0.000000      -228.547500         0.000000 
   1         0.000000      -228.575100        -0.027600 
   2         0.000000      -228.628800        -0.081300 
   3         0.000000      -228.669400        -0.121900 
   4         0.000000      -228.717100        -0.169600 
   5         0.000000      -228.809200        -0.261700 
   6         0.000000      -228.866300        -0.318800 
Li-F-c-.60-v-1.00
   0         0.000000      -232.080200         0.000000 
   1         0.000000      -232.119300        -0.039100 
   2         0.000000      -232.200800        -0.120600 
   3         0.000000      -232.273700        -0.193500 
   4         0.000000      -232.335700        -0.255500 
   5         0.000000      -232.409800        -0.329600 
   6         0.000000      -232.459900        -0.379700 
Li-F-c-.60-v-1.02
   0         0.000000      -235.156800         0.000000 
   1         0.000000      -235.206200        -0.049400 
   2         0.000000      -235.312700        -0.155900 
   3         0.000000      -235.412700        -0.255900 
   4         0.000000      -235.487200        -0.330400 
   5         0.000000      -235.550200        -0.393400 
   6         0.000000      -235.589000        -0.432200 
Li-F-c-.60-v-1.04
   0         0.000000      -237.880200         0.000000 
   1         0.000000      -237.938800        -0.058600 
   2         0.000000      -238.066300        -0.186100 
   3         0.000000      -238.191000        -0.310800 
   4         0.000000      -238.275500        -0.395300 
   5         0.000000      -238.330000        -0.449800 
   6         0.000000      -238.357900        -0.477700 
Li-F-c-.60-v-1.06
   0         0.000000      -240.294600         0.000000 
   1         0.000000      -240.358500        -0.063900 
   2         0.000000      -240.507500        -0.212900 
   3         0.000000      -240.652500        -0.357900 
   4         0.000000      -240.746800        -0.452200 
   5         0.000000      -240.793300        -0.498700 
   6         0.000000      -240.811400        -0.516800 
Li-F-c-.60-v-1.08
   0         0.000000      -242.430500         0.000000 
   1         0.000000      -242.500500        -0.070000 
   2         0.000000      -242.665100        -0.234600 
   3         0.000000      -242.829500        -0.399000 
   4         0.000000      -242.931600        -0.501100 
   5         0.000000      -242.971100        -0.540600 
   6         0.000000      -242.980500        -0.550000 
Li-F-c-.65-v-.80
   0         0.000000      -167.107900         0.000000 
   1         0.000000      -166.921600         0.186300 
   2         0.000000      -166.409600         0.698300 
   3         0.000000      -165.818800         1.289100 
   4         0.000000      -165.581100         1.526800 
   5         0.000000      -165.871900         1.236000 
   6         0.000000      -166.202500         0.905400 
Li-F-c-.65-v-.82
   0         0.000000      -181.255100         0.000000 
   1         0.000000      -181.109800         0.145300 
   2         0.000000      -180.705000         0.550100 
   3         0.000000      -180.232500         1.022600 
   4         0.000000      -180.048200         1.206900 
   5         0.000000      -180.303100         0.952000 
   6         0.000000      -180.586700         0.668400 
Li-F-c-.65-v-.84
   0         0.000000      -193.328400         0.000000 
   1         0.000000      -193.217500         0.110900 
   2         0.000000      -192.905200         0.423200 
   3         0.000000      -192.535300         0.793100 
   4         0.000000      -192.397500         0.930900 
   5         0.000000      -192.620700         0.707700 
   6         0.000000      -192.862400         0.466000 
Li-F-c-.65-v-.86
   0         0.000000      -203.699700         0.000000 
   1         0.000000      -203.618400         0.081300 
   2         0.000000      -203.385000         0.314700 
   3         0.000000      -203.103900         0.595800 
   4         0.000000      -203.006200         0.693500 
   5         0.000000      -203.201800         0.497900 
   6         0.000000      -203.406400         0.293300 
Li-F-c-.65-v-.88
   0         0.000000      -212.641900         0.000000 
   1         0.000000      -212.586200         0.055700 
   2         0.000000      -212.421000         0.220900 
   3         0.000000      -212.216800         0.425100 
   4         0.000000      -212.153400         0.488500 
   5         0.000000      -212.325200         0.316700 
   6         0.000000      -212.496500         0.145400 
Li-F-c-.65-v-.90
   0         0.000000      -220.373100         0.000000 
   1         0.000000      -220.339600         0.033500 
   2         0.000000      -220.232300         0.140800 
   3         0.000000      -220.093200         0.279900 
   4         0.000000      -220.060900         0.312200 
   5         0.000000      -220.210100         0.163000 
   6         0.000000      -220.354600         0.018500 
Li-F-c-.65-v-.92
   0         0.000000      -227.077700         0.000000 
   1         0.000000      -227.063500         0.014200 
   2         0.000000      -227.005800         0.071900 
   3         0.000000      -226.923900         0.153800 
   4         0.000000      -226.919300         0.158400 
   5         0.000000      -227.049300         0.028400 
   6         0.000000      -227.168500        -0.090800 
Li-F-c-.65-v-.94
   0         0.000000      -232.941800         0.000000 
   1         0.000000      -232.943800        -0.002000 
   2         0.000000      -232.930400         0.011400 
   3         0.000000      -232.896900         0.044900 
   4         0.000000      -232.913100         0.028700 
   5         0.000000      -233.028400        -0.086600 
   6         0.000000      -233.126900        -0.185100 
Li-F-c-.65-v-.96
   0         0.000000      -238.016500         0.000000 
   1         0.000000      -238.034200        -0.017700 
   2         0.000000      -238.057600        -0.041100 
   3         0.000000      -238.066400        -0.049900 
   4         0.000000      -238.101900        -0.085400 
   5         0.000000      -238.201600        -0.185100 
   6         0.000000      -238.283300        -0.266800 
Li-F-c-.65-v-.98
   0         0.000000      -242.442900         0.000000 
   1         0.000000      -242.472800        -0.029900 
   2         0.000000      -242.529900        -0.087000 
   3         0.000000      -242.575400        -0.132500 
   4         0.000000      -242.627700        -0.184800 
   5         0.000000      -242.714800        -0.271900 
   6         0.000000      -242.780300        -0.337400 
Li-F-c-.65-v-1.00
   0         0.000000      -246.365900         0.000000 
   1         0.000000      -246.407400        -0.041500 
   2         0.000000      -246.492400        -0.126500 
   3         0.000000      -246.570300        -0.204400 
   4         0.000000      -246.637900        -0.272000 
   5         0.000000      -246.713100        -0.347200 
   6         0.000000      -246.764300        -0.398400 
Li-F-c-.65-v-1.02
   0         0.000000      -249.784000         0.000000 
   1         0.000000      -249.834400        -0.050400 
   2         0.000000      -249.945700        -0.161700 
   3         0.000000      -250.051800        -0.267800 
   4         0.000000      -250.134800        -0.350800 
   5         0.000000      -250.196200        -0.412200 
   6         0.000000      -250.235200        -0.451200 
Li-F-c-.65-v-1.04
   0         0.000000      -252.806200         0.000000 
   1         0.000000      -252.865500        -0.059300 
   2         0.000000      -252.998000        -0.191800 
   3         0.000000      -253.128500        -0.322300 
   4         0.000000      -253.217700        -0.411500 
   5         0.000000      -253.274600        -0.468400 
   6         0.000000      -253.302900        -0.496700 
Li-F-c-.65-v-1.06
   0         0.000000      -255.481000         0.000000 
   1         0.000000      -255.547200        -0.066200 
   2         0.000000      -255.699000        -0.218000 
   3         0.000000      -255.850500        -0.369500 
   4         0.000000      -255.950600        -0.469600 
   5         0.000000      -255.998200        -0.517200 
   6         0.000000      -256.016800        -0.535800 
Li-F-c-.65-v-1.08
   0         0.000000      -257.843900         0.000000 
   1         0.000000      -257.916100        -0.072200 
   2         0.000000      -258.085200        -0.241300 
   3         0.000000      -258.255000        -0.411100 
   4         0.000000      -258.361500        -0.517600 
   5         0.000000      -258.403400        -0.559500 
   6         0.000000      -258.413200        -0.569300 
Li-F-c-.70-v-.80
   0         0.000000      -173.609000         0.000000 
   1         0.000000      -173.422800         0.186200 
   2         0.000000      -172.911100         0.697900 
   3         0.000000      -172.321800         1.287200 
   4         0.000000      -172.087300         1.521700 
   5         0.000000      -172.382000         1.227000 
   6         0.000000      -172.713900         0.895100 
Li-F-c-.70-v-.82
   0         0.000000      -188.978600         0.000000 
   1         0.000000      -188.833500         0.145100 
   2         0.000000      -188.429400         0.549200 
   3         0.000000      -187.958400         1.020200 
   4         0.000000      -187.777300         1.201300 
   5         0.000000      -188.035900         0.942700 
   6         0.000000      -188.320900         0.657700 
Li-F-c-.70-v-.84
   0         0.000000      -202.131200         0.000000 
   1         0.000000      -202.020800         0.110400 
   2         0.000000      -201.709300         0.421900 
   3         0.000000      -201.341000         0.790200 
   4         0.000000      -201.206300         0.924900 
   5         0.000000      -201.433300         0.697900 
   6         0.000000      -201.676500         0.454700 
Li-F-c-.70-v-.86
   0         0.000000      -213.455600         0.000000 
   1         0.000000      -213.374700         0.080900 
   2         0.000000      -213.142500         0.313100 
   3         0.000000      -212.863100         0.592500 
   4         0.000000      -212.769500         0.686100 
   5         0.000000      -212.967900         0.487700 
   6         0.000000      -213.174200         0.281400 
Li-F-c-.70-v-.88
   0         0.000000      -223.237000         0.000000 
   1         0.000000      -223.183000         0.054000 
   2         0.000000      -223.017200         0.219800 
   3         0.000000      -222.814800         0.422200 
   4         0.000000      -222.755400         0.481600 
   5         0.000000      -222.930000         0.307000 
   6         0.000000      -223.104000         0.133000 
Li-F-c-.70-v-.90
   0         0.000000      -231.707100         0.000000 
   1         0.000000      -231.673900         0.033200 
   2         0.000000      -231.568100         0.139000 
   3         0.000000      -231.431200         0.275900 
   4         0.000000      -231.402100         0.305000 
   5         0.000000      -231.555100         0.152000 
   6         0.000000      -231.701200         0.005900 
Li-F-c-.70-v-.92
   0         0.000000      -239.065100         0.000000 
   1         0.000000      -239.051500         0.013600 
   2         0.000000      -238.995500         0.069600 
   3         0.000000      -238.915900         0.149200 
   4         0.000000      -238.914200         0.150900 
   5         0.000000      -239.047000         0.018100 
   6         0.000000      -239.169100        -0.104000 
Li-F-c-.70-v-.94
   0         0.000000      -245.503400         0.000000 
   1         0.000000      -245.506200        -0.002800 
   2         0.000000      -245.494600         0.008800 
   3         0.000000      -245.463800         0.039600 
   4         0.000000      -245.483800         0.019600 
   5         0.000000      -245.601500        -0.098100 
   6         0.000000      -245.702100        -0.198700 
Li-F-c-.70-v-.96
   0         0.000000      -251.085900         0.000000 
   1         0.000000      -251.103600        -0.017700 
   2         0.000000      -251.130200        -0.044300 
   3         0.000000      -251.142300        -0.056400 
   4         0.000000      -251.180400        -0.094500 
   5         0.000000      -251.283800        -0.197900 
   6         0.000000      -251.366700        -0.280800 
Li-F-c-.70-v-.98
   0         0.000000      -255.958400         0.000000 
   1         0.000000      -255.989000        -0.030600 
   2         0.000000      -256.049100        -0.090700 
   3         0.000000      -256.035800        -0.077400 
   4         0.000000      -256.152900        -0.194500 
   5         0.000000      -256.243100        -0.284700 
   6         0.000000      -256.310400        -0.352000 
Li-F-c-.70-v-1.00
   0         0.000000      -260.270700         0.000000 
   1         0.000000      -260.312700        -0.042000 
   2         0.000000      -260.401300        -0.130600 
   3         0.000000      -260.481900        -0.211200 
   4         0.000000      -260.552000        -0.281300 
   5         0.000000      -260.631400        -0.360700 
   6         0.000000      -260.684100        -0.413400 
Li-F-c-.70-v-1.02
   0         0.000000      -264.028000         0.000000 
   1         0.000000      -264.079900        -0.051900 
   2         0.000000      -264.193600        -0.165600 
   3         0.000000      -264.302600        -0.274600 
   4         0.000000      -264.385000        -0.357000 
   5         0.000000      -264.454100        -0.426100 
   6         0.000000      -264.494600        -0.466600 
Li-F-c-.70-v-1.04
   0         0.000000      -267.345900         0.000000 
   1         0.000000      -267.406900        -0.061000 
   2         0.000000      -267.541900        -0.196000 
   3         0.000000      -267.675700        -0.329800 
   4         0.000000      -267.771000        -0.425100 
   5         0.000000      -267.830700        -0.484800 
   6         0.000000      -267.858500        -0.512600 
Li-F-c-.70-v-1.06
   0         0.000000      -270.277800         0.000000 
   1         0.000000      -270.344500        -0.066700 
   2         0.000000      -270.500500        -0.222700 
   3         0.000000      -270.655700        -0.377900 
   4         0.000000      -270.759100        -0.481300 
   5         0.000000      -270.810600        -0.532800 
   6         0.000000      -270.829900        -0.552100 
Li-F-c-.70-v-1.08
   0         0.000000      -272.864100         0.000000 
   1         0.000000      -272.937200        -0.073100 
   2         0.000000      -273.110100        -0.246000 
   3         0.000000      -273.290200        -0.426100 
   4         0.000000      -273.394800        -0.530700 
   5         0.000000      -273.439100        -0.575000 
   6         0.000000      -273.449900        -0.585800 
Li-F-c-.75-v-.80
   0         0.000000      -179.723000         0.000000 
   1         0.000000      -179.535500         0.187500 
   2         0.000000      -179.020300         0.702700 
   3         0.000000      -178.428100         1.294900 
   4         0.000000      -178.194200         1.528800 
   5         0.000000      -178.492700         1.230300 
   6         0.000000      -178.826900         0.896100 
Li-F-c-.75-v-.82
   0         0.000000      -196.318700         0.000000 
   1         0.000000      -196.172400         0.146300 
   2         0.000000      -195.765400         0.553300 
   3         0.000000      -195.288900         1.029800 
   4         0.000000      -195.111200         1.207500 
   5         0.000000      -195.373700         0.945000 
   6         0.000000      -195.661100         0.657600 
Li-F-c-.75-v-.84
   0         0.000000      -210.553100         0.000000 
   1         0.000000      -210.441600         0.111500 
   2         0.000000      -210.127400         0.425700 
   3         0.000000      -209.756900         0.796200 
   4         0.000000      -209.623000         0.930100 
   5         0.000000      -209.853800         0.699300 
   6         0.000000      -210.099600         0.453500 
Li-F-c-.75-v-.86
   0         0.000000      -222.832200         0.000000 
   1         0.000000      -222.750300         0.081900 
   2         0.000000      -222.515900         0.316300 
   3         0.000000      -222.234300         0.597900 
   4         0.000000      -222.141300         0.690900 
   5         0.000000      -222.343900         0.488300 
   6         0.000000      -222.552800         0.279400 
Li-F-c-.75-v-.88
   0         0.000000      -233.453500         0.000000 
   1         0.000000      -233.397600         0.055900 
   2         0.000000      -233.231000         0.222500 
   3         0.000000      -233.026600         0.426900 
   4         0.000000      -232.968200         0.485300 
   5         0.000000      -233.146700         0.306800 
   6         0.000000      -233.323600         0.129900 
Li-F-c-.75-v-.90
   0         0.000000      -242.662800         0.000000 
   1         0.000000      -242.628900         0.033900 
   2         0.000000      -242.521000         0.141800 
   3         0.000000      -242.383000         0.279800 
   4         0.000000      -242.355000         0.307800 
   5         0.000000      -242.512100         0.150700 
   6         0.000000      -242.661100         0.001700 
Li-F-c-.75-v-.92
   0         0.000000      -250.674900         0.000000 
   1         0.000000      -250.660300         0.014600 
   2         0.000000      -250.603300         0.071600 
   3         0.000000      -250.522300         0.152600 
   4         0.000000      -250.520900         0.154000 
   5         0.000000      -250.658900         0.016000 
   6         0.000000      -250.783800        -0.108900 
Li-F-c-.75-v-.94
   0         0.000000      -257.687900         0.000000 
   1         0.000000      -257.690200        -0.002300 
   2         0.000000      -257.677200         0.010700 
   3         0.000000      -257.645500         0.042400 
   4         0.000000      -257.666300         0.021600 
   5         0.000000      -257.788200        -0.100300 
   6         0.000000      -257.892300        -0.204400 
Li-F-c-.75-v-.96
   0         0.000000      -263.778200         0.000000 
   1         0.000000      -263.795900        -0.017700 
   2         0.000000      -263.821200        -0.043000 
   3         0.000000      -263.831600        -0.053400 
   4         0.000000      -263.874800        -0.096600 
   5         0.000000      -263.979900        -0.201700 
   6         0.000000      -264.065600        -0.287400 
Li-F-c-.75-v-.98
   0         0.000000      -269.097000         0.000000 
   1         0.000000      -269.127300        -0.030300 
   2         0.000000      -269.186300        -0.089300 
   3         0.000000      -269.234800        -0.137800 
   4         0.000000      -269.292800        -0.195800 
   5         0.000000      -269.386000        -0.289000 
   6         0.000000      -269.456100        -0.359100 
Li-F-c-.75-v-1.00
   0         0.000000      -273.797700         0.000000 
   1         0.000000      -273.839800        -0.042100 
   2         0.000000      -273.927400        -0.129700 
   3         0.000000      -274.007900        -0.210200 
   4         0.000000      -274.079800        -0.282100 
   5         0.000000      -274.163400        -0.365700 
   6         0.000000      -274.219200        -0.421500 
Li-F-c-.75-v-1.02
   0         0.000000      -277.892600         0.000000 
   1         0.000000      -277.944200        -0.051600 
   2         0.000000      -278.058100        -0.165500 
   3         0.000000      -278.166600        -0.274000 
   4         0.000000      -278.251700        -0.359100 
   5         0.000000      -278.324700        -0.432100 
   6         0.000000      -278.368000        -0.475400 
Li-F-c-.75-v-1.04
   0         0.000000      -281.504500         0.000000 
   1         0.000000      -281.565900        -0.061400 
   2         0.000000      -281.701200        -0.196700 
   3         0.000000      -281.837500        -0.333000 
   4         0.000000      -281.929400        -0.424900 
   5         0.000000      -281.994700        -0.490200 
   6         0.000000      -282.026400        -0.521900 
Li-F-c-.75-v-1.06
   0         0.000000      -284.691100         0.000000 
   1         0.000000      -284.758600        -0.067500 
   2         0.000000      -284.914400        -0.223300 
   3         0.000000      -285.069800        -0.378700 
   4         0.000000      -285.175000        -0.483900 
   5         0.000000      -285.231000        -0.539900 
   6         0.000000      -285.253300        -0.562200 
Li-F-c-.75-v-1.08
   0         0.000000      -287.497600         0.000000 
   1         0.000000      -287.574000        -0.076400 
   2         0.000000      -287.744700        -0.247100 
   3         0.000000      -287.918900        -0.421300 
   4         0.000000      -288.031700        -0.534100 
   5         0.000000      -288.081600        -0.584000 
   6         0.000000      -288.094300        -0.596700 
Li-F-c-.80-v-.80
   0         0.000000      -185.436400         0.000000 
   1         0.000000      -185.246300         0.190100 
   2         0.000000      -184.724900         0.711500 
   3         0.000000      -184.126900         1.309500 
   4         0.000000      -183.892200         1.544200 
   5         0.000000      -184.194500         1.241900 
   6         0.000000      -184.532000         0.904400 
Li-F-c-.80-v-.82
   0         0.000000      -203.264700         0.000000 
   1         0.000000      -203.115700         0.149000 
   2         0.000000      -202.702200         0.562500 
   3         0.000000      -202.222400         1.042300 
   4         0.000000      -202.041000         1.223700 
   5         0.000000      -202.307600         0.957100 
   6         0.000000      -202.598400         0.666300 
Li-F-c-.80-v-.84
   0         0.000000      -218.587000         0.000000 
   1         0.000000      -218.473000         0.114000 
   2         0.000000      -218.152000         0.435000 
   3         0.000000      -217.812800         0.774200 
   4         0.000000      -217.640100         0.946900 
   5         0.000000      -217.875200         0.711800 
   6         0.000000      -218.124600         0.462400 
Li-F-c-.80-v-.86
   0         0.000000      -231.825100         0.000000 
   1         0.000000      -231.740600         0.084500 
   2         0.000000      -231.499100         0.326000 
   3         0.000000      -231.211200         0.613900 
   4         0.000000      -231.116500         0.708600 
   5         0.000000      -231.324000         0.501100 
   6         0.000000      -231.536700         0.288400 
Li-F-c-.80-v-.88
   0         0.000000      -243.289700         0.000000 
   1         0.000000      -243.230800         0.058900 
   2         0.000000      -243.057500         0.232200 
   3         0.000000      -242.846500         0.443200 
   4         0.000000      -242.786700         0.503000 
   5         0.000000      -242.969700         0.320000 
   6         0.000000      -243.150600         0.139100 
Li-F-c-.80-v-.90
   0         0.000000      -253.240500         0.000000 
   1         0.000000      -253.203700         0.036800 
   2         0.000000      -253.089000         0.151500 
   3         0.000000      -252.944200         0.296300 
   4         0.000000      -252.914700         0.325800 
   5         0.000000      -253.076500         0.164000 
   6         0.000000      -253.229500         0.011000 
Li-F-c-.80-v-.92
   0         0.000000      -261.907700         0.000000 
   1         0.000000      -261.890500         0.017200 
   2         0.000000      -261.826200         0.081500 
   3         0.000000      -261.738000         0.169700 
   4         0.000000      -261.734800         0.172900 
   5         0.000000      -261.878000         0.029700 
   6         0.000000      -262.007400        -0.099700 
Li-F-c-.80-v-.94
   0         0.000000      -269.496100         0.000000 
   1         0.000000      -269.495700         0.000400 
   2         0.000000      -269.477600         0.018500 
   3         0.000000      -269.436200         0.059900 
   4         0.000000      -269.456000         0.040100 
   5         0.000000      -269.582600        -0.086500 
   6         0.000000      -269.691300        -0.195200 
Li-F-c-.80-v-.96
   0         0.000000      -276.094200         0.000000 
   1         0.000000      -276.108600        -0.014400 
   2         0.000000      -276.126700        -0.032500 
   3         0.000000      -276.130100        -0.035900 
   4         0.000000      -276.168900        -0.074700 
   5         0.000000      -276.281800        -0.187600 
   6         0.000000      -276.372600        -0.278400 
Li-F-c-.80-v-.98
   0         0.000000      -281.859300         0.000000 
   1         0.000000      -281.886800        -0.027500 
   2         0.000000      -281.938300        -0.079000 
   3         0.000000      -281.978700        -0.119400 
   4         0.000000      -282.034300        -0.175000 
   5         0.000000      -282.134600        -0.275300 
   6         0.000000      -282.210000        -0.350700 
Li-F-c-.80-v-1.00
   0         0.000000      -286.948200         0.000000 
   1         0.000000      -286.987200        -0.039000 
   2         0.000000      -287.068200        -0.120000 
   3         0.000000      -287.140600        -0.192400 
   4         0.000000      -287.210600        -0.262400 
   5         0.000000      -287.300000        -0.351800 
   6         0.000000      -287.361700        -0.413500 
Li-F-c-.80-v-1.02
   0         0.000000      -291.379800         0.000000 
   1         0.000000      -291.428700        -0.048900 
   2         0.000000      -291.535400        -0.155600 
   3         0.000000      -291.635700        -0.255900 
   4         0.000000      -291.720700        -0.340900 
   5         0.000000      -291.798100        -0.418300 
   6         0.000000      -291.847500        -0.467700 
Li-F-c-.80-v-1.04
   0         0.000000      -295.284100         0.000000 
   1         0.000000      -295.341600        -0.057500 
   2         0.000000      -295.470400        -0.186300 
   3         0.000000      -295.595900        -0.311800 
   4         0.000000      -295.689600        -0.405500 
   5         0.000000      -295.760800        -0.476700 
   6         0.000000      -295.799100        -0.515000 
Li-F-c-.80-v-1.06
   0         0.000000      -298.724100         0.000000 
   1         0.000000      -298.788800        -0.064700 
   2         0.000000      -298.937500        -0.213400 
   3         0.000000      -299.084900        -0.360800 
   4         0.000000      -299.187900        -0.463800 
   5         0.000000      -299.251300        -0.527200 
   6         0.000000      -299.280200        -0.556100 
Li-F-c-.80-v-1.08
   0         0.000000      -301.748500         0.000000 
   1         0.000000      -301.820100        -0.071600 
   2         0.000000      -301.987200        -0.238700 
   3         0.000000      -302.152200        -0.403700 
   4         0.000000      -302.263100        -0.514600 
   5         0.000000      -302.319500        -0.571000 
   6         0.000000      -302.339900        -0.591400 
Li-F-c-.85-v-.80
   0         0.000000      -190.734600         0.000000 
   1         0.000000      -190.541100         0.193500 
   2         0.000000      -190.011700         0.722900 
   3         0.000000      -189.405800         1.328800 
   4         0.000000      -189.167800         1.566800 
   5         0.000000      -189.471200         1.263400 
   6         0.000000      -189.810000         0.924600 
Li-F-c-.85-v-.82
   0         0.000000      -209.802100         0.000000 
   1         0.000000      -209.649300         0.152800 
   2         0.000000      -209.226800         0.575300 
   3         0.000000      -208.738200         1.063900 
   4         0.000000      -208.553100         1.249000 
   5         0.000000      -208.821100         0.981000 
   6         0.000000      -209.113400         0.688700 
Li-F-c-.85-v-.84
   0         0.000000      -226.219600         0.000000 
   1         0.000000      -226.101200         0.118400 
   2         0.000000      -225.770300         0.449300 
   3         0.000000      -225.383600         0.836000 
   4         0.000000      -225.244700         0.974900 
   5         0.000000      -225.481500         0.738100 
   6         0.000000      -225.732600         0.487000 
Li-F-c-.85-v-.86
   0         0.000000      -240.421800         0.000000 
   1         0.000000      -240.332500         0.089300 
   2         0.000000      -240.080100         0.341700 
   3         0.000000      -239.781600         0.640200 
   4         0.000000      -239.682600         0.739200 
   5         0.000000      -239.892200         0.529600 
   6         0.000000      -240.106900         0.314900 
Li-F-c-.85-v-.88
   0         0.000000      -252.734100         0.000000 
   1         0.000000      -252.670100         0.064000 
   2         0.000000      -252.484700         0.249400 
   3         0.000000      -252.262100         0.472000 
   4         0.000000      -252.198500         0.535600 
   5         0.000000      -252.383500         0.350600 
   6         0.000000      -252.566600         0.167500 
Li-F-c-.85-v-.90
   0         0.000000      -263.429500         0.000000 
   1         0.000000      -263.387100         0.042400 
   2         0.000000      -263.259400         0.170100 
   3         0.000000      -263.102200         0.327300 
   4         0.000000      -263.068100         0.361400 
   5         0.000000      -263.232900         0.196600 
   6         0.000000      -263.388500         0.041000 
Li-F-c-.85-v-.92
   0         0.000000      -272.753500         0.000000 
   1         0.000000      -272.729900         0.023600 
   2         0.000000      -272.652000         0.101500 
   3         0.000000      -272.550900         0.202600 
   4         0.000000      -272.543000         0.210500 
   5         0.000000      -272.689600         0.063900 
   6         0.000000      -272.821600        -0.068100 
Li-F-c-.85-v-.94
   0         0.000000      -280.918300         0.000000 
   1         0.000000      -280.911300         0.007000 
   2         0.000000      -280.876700         0.041600 
   3         0.000000      -280.823700         0.094600 
   4         0.000000      -280.838100         0.080200 
   5         0.000000      -280.968700        -0.050400 
   6         0.000000      -281.080600        -0.162300 
Li-F-c-.85-v-.96
   0         0.000000      -288.024900         0.000000 
   1         0.000000      -288.032400        -0.007500 
   2         0.000000      -288.034700        -0.009800 
   3         0.000000      -288.023800         0.001100 
   4         0.000000      -288.057600        -0.032700 
   5         0.000000      -288.174700        -0.149800 
   6         0.000000      -288.269000        -0.244100 
Li-F-c-.85-v-.98
   0         0.000000      -294.236400         0.000000 
   1         0.000000      -294.256400        -0.020000 
   2         0.000000      -294.291700        -0.055300 
   3         0.000000      -294.316900        -0.080500 
   4         0.000000      -294.367400        -0.131000 
   5         0.000000      -294.472100        -0.235700 
   6         0.000000      -294.551300        -0.314900 
Li-F-c-.85-v-1.00
   0         0.000000      -299.713300         0.000000 
   1         0.000000      -299.744400        -0.031100 
   2         0.000000      -299.808000        -0.094700 
   3         0.000000      -299.864700        -0.151400 
   4         0.000000      -299.929600        -0.216300 
   5         0.000000      -300.023900        -0.310600 
   6         0.000000      -300.089600        -0.376300 
Li-F-c-.85-v-1.02
   0         0.000000      -304.480700         0.000000 
   1         0.000000      -304.521200        -0.040500 
   2         0.000000      -304.609000        -0.128300 
   3         0.000000      -304.693900        -0.213200 
   4         0.000000      -304.771300        -0.290600 
   5         0.000000      -304.856300        -0.375600 
   6         0.000000      -304.910200        -0.429500 
Li-F-c-.85-v-1.04
   0         0.000000      -308.676600         0.000000 
   1         0.000000      -308.725100        -0.048500 
   2         0.000000      -308.835600        -0.159000 
   3         0.000000      -308.943900        -0.267300 
   4         0.000000      -309.032900        -0.356300 
   5         0.000000      -309.109900        -0.433300 
   6         0.000000      -309.152300        -0.475700 
Li-F-c-.85-v-1.06
   0         0.000000      -312.369100         0.000000 
   1         0.000000      -312.424800        -0.055700 
   2         0.000000      -312.553600        -0.184500 
   3         0.000000      -312.699700        -0.330600 
   4         0.000000      -312.781800        -0.412700 
   5         0.000000      -312.851600        -0.482500 
   6         0.000000      -312.885000        -0.515900 
Li-F-c-.85-v-1.08
   0         0.000000      -315.610000         0.000000 
   1         0.000000      -315.671900        -0.061900 
   2         0.000000      -315.817000        -0.207000 
   3         0.000000      -315.965800        -0.355800 
   4         0.000000      -316.071800        -0.461800 
   5         0.000000      -316.134700        -0.524700 
   6         0.000000      -316.160400        -0.550400 
